9.000000 -10.000000
-12.000000 378.000000
-11.977200 373.285079
-11.954400 368.579514
-11.931600 363.883307
-11.908800 359.196457
-11.886000 354.518964
-11.863200 349.850828
-11.840400 345.192049
-11.817600 340.542628
-11.794800 335.902563
-11.772000 331.271856
-11.749200 326.650506
-11.726400 322.038513
-11.703600 317.435877
-11.680800 312.842598
-11.658000 308.258676
-11.635200 303.684111
-11.612400 299.118904
-11.589600 294.563053
-11.566800 290.016560
-11.544000 285.479424
-11.521200 280.951645
-11.498400 276.433223
-11.475600 271.924158
-11.452800 267.424451
-11.430000 262.934100
-11.407200 258.453107
-11.384400 253.981470
-11.361600 249.519191
-11.338800 245.066269
-11.316000 240.622704
-11.293200 236.188496
-11.270400 231.763645
-11.247600 227.348152
-11.224800 222.942015
-11.202000 218.545236
-11.179200 214.157814
-11.156400 209.779749
-11.133600 205.411041
-11.110800 201.051690
-11.088000 196.701696
-11.065200 192.361059
-11.042400 188.029780
-11.019600 183.707857
-10.996800 179.395292
-10.974000 175.092084
-10.951200 170.798233
-10.928400 166.513739
-10.905600 162.238602
-10.882800 157.972823
-10.860000 153.716400
-10.837200 149.469335
-10.814400 145.231626
-10.791600 141.003275
-10.768800 136.784281
-10.746000 132.574644
-10.723200 128.374364
-10.700400 124.183441
-10.677600 120.001876
-10.654800 115.829667
-10.632000 111.666816
-10.609200 107.513322
-10.586400 103.369185
-10.563600 99.234405
-10.540800 95.108982
-10.518000 90.992916
-10.495200 86.886207
-10.472400 82.788856
-10.449600 78.700861
-10.426800 74.622224
-10.404000 70.552944
-10.381200 66.493021
-10.358400 62.442455
-10.335600 58.401246
-10.312800 54.369395
-10.290000 50.346900
-10.267200 46.333763
-10.244400 42.329982
-10.221600 38.335559
-10.198800 34.350493
-10.176000 30.374784
-10.153200 26.408432
-10.130400 22.451437
-10.107600 18.503800
-10.084800 14.565519
-10.062000 10.636596
-10.039200 6.717030
-10.016400 2.806821
-9.993600 -1.094031
-9.970800 -4.985526
-9.948000 -8.867664
-9.925200 -12.740445
-9.902400 -16.603868
-9.879600 -20.457935
-9.856800 -24.302644
-9.834000 -28.137996
-9.811200 -31.963991
-9.788400 -35.780629
-9.765600 -39.587910
-9.742800 -43.385833
-9.720000 -47.174400
-9.697200 -50.953609
-9.674400 -54.723462
-9.651600 -58.483957
-9.628800 -62.235095
-9.606000 -65.976876
-9.583200 -69.709300
-9.560400 -73.432367
-9.537600 -77.146076
-9.514800 -80.850429
-9.492000 -84.545424
-9.469200 -88.231062
-9.446400 -91.907343
-9.423600 -95.574267
-9.400800 -99.231834
-9.378000 -102.880044
-9.355200 -106.518897
-9.332400 -110.148392
-9.309600 -113.768531
-9.286800 -117.379312
-9.264000 -120.980736
-9.241200 -124.572803
-9.218400 -128.155513
-9.195600 -131.728866
-9.172800 -135.292861
-9.150000 -138.847500
-9.127200 -142.392781
-9.104400 -145.928706
-9.081600 -149.455273
-9.058800 -152.972483
-9.036000 -156.480336
-9.013200 -159.978832
-8.990400 -163.467971
-8.967600 -166.947752
-8.944800 -170.418177
-8.922000 -173.879244
-8.899200 -177.330954
-8.876400 -180.773307
-8.853600 -184.206303
-8.830800 -187.629942
-8.808000 -191.044224
-8.785200 -194.449149
-8.762400 -197.844716
-8.739600 -201.230927
-8.716800 -204.607780
-8.694000 -207.975276
-8.671200 -211.333415
-8.648400 -214.682197
-8.625600 -218.021622
-8.602800 -221.351689
-8.580000 -224.672400
-8.557200 -227.983753
-8.534400 -231.285750
-8.511600 -234.578389
-8.488800 -237.861671
-8.466000 -241.135596
-8.443200 -244.400164
-8.420400 -247.655375
-8.397600 -250.901228
-8.374800 -254.137725
-8.352000 -257.364864
-8.329200 -260.582646
-8.306400 -263.791071
-8.283600 -266.990139
-8.260800 -270.179850
-8.238000 -273.360204
-8.215200 -276.531201
-8.192400 -279.692840
-8.169600 -282.845123
-8.146800 -285.988048
-8.124000 -289.121616
-8.101200 -292.245827
-8.078400 -295.360681
-8.055600 -298.466178
-8.032800 -301.562317
-8.010000 -304.649100
-7.987200 -307.726525
-7.964400 -310.794594
-7.941600 -313.853305
-7.918800 -316.902659
-7.896000 -319.942656
-7.873200 -322.973296
-7.850400 -325.994579
-7.827600 -329.006504
-7.804800 -332.009073
-7.782000 -335.002284
-7.759200 -337.986138
-7.736400 -340.960635
-7.713600 -343.925775
-7.690800 -346.881558
-7.668000 -349.827984
-7.645200 -352.765053
-7.622400 -355.692764
-7.599600 -358.611119
-7.576800 -361.520116
-7.554000 -364.419756
-7.531200 -367.310039
-7.508400 -370.190965
-7.485600 -373.062534
-7.462800 -375.924745
-7.440000 -378.777600
-7.417200 -381.621097
-7.394400 -384.455238
-7.371600 -387.280021
-7.348800 -390.095447
-7.326000 -392.901516
-7.303200 -395.698228
-7.280400 -398.485583
-7.257600 -401.263580
-7.234800 -404.032221
-7.212000 -406.791504
-7.189200 -409.541430
-7.166400 -412.281999
-7.143600 -415.013211
-7.120800 -417.735066
-7.098000 -420.447564
-7.075200 -423.150705
-7.052400 -425.844488
-7.029600 -428.528915
-7.006800 -431.203984
-6.984000 -433.869696
-6.961200 -436.526051
-6.938400 -439.173049
-6.915600 -441.810690
-6.892800 -444.438973
-6.870000 -447.057900
-6.847200 -449.667469
-6.824400 -452.267682
-6.801600 -454.858537
-6.778800 -457.440035
-6.756000 -460.012176
-6.733200 -462.574960
-6.710400 -465.128387
-6.687600 -467.672456
-6.664800 -470.207169
-6.642000 -472.732524
-6.619200 -475.248522
-6.596400 -477.755163
-6.573600 -480.252447
-6.550800 -482.740374
-6.528000 -485.218944
-6.505200 -487.688157
-6.482400 -490.148012
-6.459600 -492.598511
-6.436800 -495.039652
-6.414000 -497.471436
-6.391200 -499.893863
-6.368400 -502.306933
-6.345600 -504.710646
-6.322800 -507.105001
-6.300000 -509.490000
-6.277200 -511.865641
-6.254400 -514.231926
-6.231600 -516.588853
-6.208800 -518.936423
-6.186000 -521.274636
-6.163200 -523.603492
-6.140400 -525.922991
-6.117600 -528.233132
-6.094800 -530.533917
-6.072000 -532.825344
-6.049200 -535.107414
-6.026400 -537.380127
-6.003600 -539.643483
-5.980800 -541.897482
-5.958000 -544.142124
-5.935200 -546.377409
-5.912400 -548.603336
-5.889600 -550.819907
-5.866800 -553.027120
-5.844000 -555.224976
-5.821200 -557.413475
-5.798400 -559.592617
-5.775600 -561.762402
-5.752800 -563.922829
-5.730000 -566.073900
-5.707200 -568.215613
-5.684400 -570.347970
-5.661600 -572.470969
-5.638800 -574.584611
-5.616000 -576.688896
-5.593200 -578.783824
-5.570400 -580.869395
-5.547600 -582.945608
-5.524800 -585.012465
-5.502000 -587.069964
-5.479200 -589.118106
-5.456400 -591.156891
-5.433600 -593.186319
-5.410800 -595.206390
-5.388000 -597.217104
-5.365200 -599.218461
-5.342400 -601.210460
-5.319600 -603.193103
-5.296800 -605.166388
-5.274000 -607.130316
-5.251200 -609.084887
-5.228400 -611.030101
-5.205600 -612.965958
-5.182800 -614.892457
-5.160000 -616.809600
-5.137200 -618.717385
-5.114400 -620.615814
-5.091600 -622.504885
-5.068800 -624.384599
-5.046000 -626.254956
-5.023200 -628.115956
-5.000400 -629.967599
-4.977600 -631.809884
-4.954800 -633.642813
-4.932000 -635.466384
-4.909200 -637.280598
-4.886400 -639.085455
-4.863600 -640.880955
-4.840800 -642.667098
-4.818000 -644.443884
-4.795200 -646.211313
-4.772400 -647.969384
-4.749600 -649.718099
-4.726800 -651.457456
-4.704000 -653.187456
-4.681200 -654.908099
-4.658400 -656.619385
-4.635600 -658.321314
-4.612800 -660.013885
-4.590000 -661.697100
-4.567200 -663.370957
-4.544400 -665.035458
-4.521600 -666.690601
-4.498800 -668.336387
-4.476000 -669.972816
-4.453200 -671.599888
-4.430400 -673.217603
-4.407600 -674.825960
-4.384800 -676.424961
-4.362000 -678.014604
-4.339200 -679.594890
-4.316400 -681.165819
-4.293600 -682.727391
-4.270800 -684.279606
-4.248000 -685.822464
-4.225200 -687.355965
-4.202400 -688.880108
-4.179600 -690.394895
-4.156800 -691.900324
-4.134000 -693.396396
-4.111200 -694.883111
-4.088400 -696.360469
-4.065600 -697.828470
-4.042800 -699.287113
-4.020000 -700.736400
-3.997200 -702.176329
-3.974400 -703.606902
-3.951600 -705.028117
-3.928800 -706.439975
-3.906000 -707.842476
-3.883200 -709.235620
-3.860400 -710.619407
-3.837600 -711.993836
-3.814800 -713.358909
-3.792000 -714.714624
-3.769200 -716.060982
-3.746400 -717.397983
-3.723600 -718.725627
-3.700800 -720.043914
-3.678000 -721.352844
-3.655200 -722.652417
-3.632400 -723.942632
-3.609600 -725.223491
-3.586800 -726.494992
-3.564000 -727.757136
-3.541200 -729.009923
-3.518400 -730.253353
-3.495600 -731.487426
-3.472800 -732.712141
-3.450000 -733.927500
-3.427200 -735.133501
-3.404400 -736.330146
-3.381600 -737.517433
-3.358800 -738.695363
-3.336000 -739.863936
-3.313200 -741.023152
-3.290400 -742.173011
-3.267600 -743.313512
-3.244800 -744.444657
-3.222000 -745.566444
-3.199200 -746.678874
-3.176400 -747.781947
-3.153600 -748.875663
-3.130800 -749.960022
-3.108000 -751.035024
-3.085200 -752.100669
-3.062400 -753.156956
-3.039600 -754.203887
-3.016800 -755.241460
-2.994000 -756.269676
-2.971200 -757.288535
-2.948400 -758.298037
-2.925600 -759.298182
-2.902800 -760.288969
-2.880000 -761.270400
-2.857200 -762.242473
-2.834400 -763.205190
-2.811600 -764.158549
-2.788800 -765.102551
-2.766000 -766.037196
-2.743200 -766.962484
-2.720400 -767.878415
-2.697600 -768.784988
-2.674800 -769.682205
-2.652000 -770.570064
-2.629200 -771.448566
-2.606400 -772.317711
-2.583600 -773.177499
-2.560800 -774.027930
-2.538000 -774.869004
-2.515200 -775.700721
-2.492400 -776.523080
-2.469600 -777.336083
-2.446800 -778.139728
-2.424000 -778.934016
-2.401200 -779.718947
-2.378400 -780.494521
-2.355600 -781.260738
-2.332800 -782.017597
-2.310000 -782.765100
-2.287200 -783.503245
-2.264400 -784.232034
-2.241600 -784.951465
-2.218800 -785.661539
-2.196000 -786.362256
-2.173200 -787.053616
-2.150400 -787.735619
-2.127600 -788.408264
-2.104800 -789.071553
-2.082000 -789.725484
-2.059200 -790.370058
-2.036400 -791.005275
-2.013600 -791.631135
-1.990800 -792.247638
-1.968000 -792.854784
-1.945200 -793.452573
-1.922400 -794.041004
-1.899600 -794.620079
-1.876800 -795.189796
-1.854000 -795.750156
-1.831200 -796.301159
-1.808400 -796.842805
-1.785600 -797.375094
-1.762800 -797.898025
-1.740000 -798.411600
-1.717200 -798.915817
-1.694400 -799.410678
-1.671600 -799.896181
-1.648800 -800.372327
-1.626000 -800.839116
-1.603200 -801.296548
-1.580400 -801.744623
-1.557600 -802.183340
-1.534800 -802.612701
-1.512000 -803.032704
-1.489200 -803.443350
-1.466400 -803.844639
-1.443600 -804.236571
-1.420800 -804.619146
-1.398000 -804.992364
-1.375200 -805.356225
-1.352400 -805.710728
-1.329600 -806.055875
-1.306800 -806.391664
-1.284000 -806.718096
-1.261200 -807.035171
-1.238400 -807.342889
-1.215600 -807.641250
-1.192800 -807.930253
-1.170000 -808.209900
-1.147200 -808.480189
-1.124400 -808.741122
-1.101600 -808.992697
-1.078800 -809.234915
-1.056000 -809.467776
-1.033200 -809.691280
-1.010400 -809.905427
-0.987600 -810.110216
-0.964800 -810.305649
-0.942000 -810.491724
-0.919200 -810.668442
-0.896400 -810.835803
-0.873600 -810.993807
-0.850800 -811.142454
-0.828000 -811.281744
-0.805200 -811.411677
-0.782400 -811.532252
-0.759600 -811.643471
-0.736800 -811.745332
-0.714000 -811.837836
-0.691200 -811.920983
-0.668400 -811.994773
-0.645600 -812.059206
-0.622800 -812.114281
-0.600000 -812.160000
-0.577200 -812.196361
-0.554400 -812.223366
-0.531600 -812.241013
-0.508800 -812.249303
-0.486000 -812.248236
-0.463200 -812.237812
-0.440400 -812.218031
-0.417600 -812.188892
-0.394800 -812.150397
-0.372000 -812.102544
-0.349200 -812.045334
-0.326400 -811.978767
-0.303600 -811.902843
-0.280800 -811.817562
-0.258000 -811.722924
-0.235200 -811.618929
-0.212400 -811.505576
-0.189600 -811.382867
-0.166800 -811.250800
-0.144000 -811.109376
-0.121200 -810.958595
-0.098400 -810.798457
-0.075600 -810.628962
-0.052800 -810.450109
-0.030000 -810.261900
-0.007200 -810.064333
0.015600 -809.857410
0.038400 -809.641129
0.061200 -809.415491
0.084000 -809.180496
0.106800 -808.936144
0.129600 -808.682435
0.152400 -808.419368
0.175200 -808.146945
0.198000 -807.865164
0.220800 -807.574026
0.243600 -807.273531
0.266400 -806.963679
0.289200 -806.644470
0.312000 -806.315904
0.334800 -805.977981
0.357600 -805.630700
0.380400 -805.274063
0.403200 -804.908068
0.426000 -804.532716
0.448800 -804.148007
0.471600 -803.753941
0.494400 -803.350518
0.517200 -802.937737
0.540000 -802.515600
0.562800 -802.084105
0.585600 -801.643254
0.608400 -801.193045
0.631200 -800.733479
0.654000 -800.264556
0.676800 -799.786276
0.699600 -799.298639
0.722400 -798.801644
0.745200 -798.295293
0.768000 -797.779584
0.790800 -797.254518
0.813600 -796.720095
0.836400 -796.176315
0.859200 -795.623178
0.882000 -795.060684
0.904800 -794.488833
0.927600 -793.907624
0.950400 -793.317059
0.973200 -792.717136
0.996000 -792.107856
1.018800 -791.489219
1.041600 -790.861225
1.064400 -790.223874
1.087200 -789.577165
1.110000 -788.921100
1.132800 -788.255677
1.155600 -787.580898
1.178400 -786.896761
1.201200 -786.203267
1.224000 -785.500416
1.246800 -784.788208
1.269600 -784.066643
1.292400 -783.335720
1.315200 -782.595441
1.338000 -781.845804
1.360800 -781.086810
1.383600 -780.318459
1.406400 -779.540751
1.429200 -778.753686
1.452000 -777.957264
1.474800 -777.151485
1.497600 -776.336348
1.520400 -775.511855
1.543200 -774.678004
1.566000 -773.834796
1.588800 -772.982231
1.611600 -772.120309
1.634400 -771.249030
1.657200 -770.368393
1.680000 -769.478400
1.702800 -768.579049
1.725600 -767.670342
1.748400 -766.752277
1.771200 -765.824855
1.794000 -764.888076
1.816800 -763.941940
1.839600 -762.986447
1.862400 -762.021596
1.885200 -761.047389
1.908000 -760.063824
1.930800 -759.070902
1.953600 -758.068623
1.976400 -757.056987
1.999200 -756.035994
2.022000 -755.005644
2.044800 -753.965937
2.067600 -752.916872
2.090400 -751.858451
2.113200 -750.790672
2.136000 -749.713536
2.158800 -748.627043
2.181600 -747.531193
2.204400 -746.425986
2.227200 -745.311421
2.250000 -744.187500
2.272800 -743.054221
2.295600 -741.911586
2.318400 -740.759593
2.341200 -739.598243
2.364000 -738.427536
2.386800 -737.247472
2.409600 -736.058051
2.432400 -734.859272
2.455200 -733.651137
2.478000 -732.433644
2.500800 -731.206794
2.523600 -729.970587
2.546400 -728.725023
2.569200 -727.470102
2.592000 -726.205824
2.614800 -724.932189
2.637600 -723.649196
2.660400 -722.356847
2.683200 -721.055140
2.706000 -719.744076
2.728800 -718.423655
2.751600 -717.093877
2.774400 -715.754742
2.797200 -714.406249
2.820000 -713.048400
2.842800 -711.681193
2.865600 -710.304630
2.888400 -708.918709
2.911200 -707.523431
2.934000 -706.118796
2.956800 -704.704804
2.979600 -703.281455
3.002400 -701.848748
3.025200 -700.406685
3.048000 -698.955264
3.070800 -697.494486
3.093600 -696.024351
3.116400 -694.544859
3.139200 -693.056010
3.162000 -691.557804
3.184800 -690.050241
3.207600 -688.533320
3.230400 -687.007043
3.253200 -685.471408
3.276000 -683.926416
3.298800 -682.372067
3.321600 -680.808361
3.344400 -679.235298
3.367200 -677.652877
3.390000 -676.061100
3.412800 -674.459965
3.435600 -672.849474
3.458400 -671.229625
3.481200 -669.600419
3.504000 -667.961856
3.526800 -666.313936
3.549600 -664.656659
3.572400 -662.990024
3.595200 -661.314033
3.618000 -659.628684
3.640800 -657.933978
3.663600 -656.229915
3.686400 -654.516495
3.709200 -652.793718
3.732000 -651.061584
3.754800 -649.320093
3.777600 -647.569244
3.800400 -645.809039
3.823200 -644.039476
3.846000 -642.260556
3.868800 -640.472279
3.891600 -638.674645
3.914400 -636.867654
3.937200 -635.051305
3.960000 -633.225600
3.982800 -631.390537
4.005600 -629.546118
4.028400 -627.692341
4.051200 -625.829207
4.074000 -623.956716
4.096800 -622.074868
4.119600 -620.183663
4.142400 -618.283100
4.165200 -616.373181
4.188000 -614.453904
4.210800 -612.525270
4.233600 -610.587279
4.256400 -608.639931
4.279200 -606.683226
4.302000 -604.717164
4.324800 -602.741745
4.347600 -600.756968
4.370400 -598.762835
4.393200 -596.759344
4.416000 -594.746496
4.438800 -592.724291
4.461600 -590.692729
4.484400 -588.651810
4.507200 -586.601533
4.530000 -584.541900
4.552800 -582.472909
4.575600 -580.394562
4.598400 -578.306857
4.621200 -576.209795
4.644000 -574.103376
4.666800 -571.987600
4.689600 -569.862467
4.712400 -567.727976
4.735200 -565.584129
4.758000 -563.430924
4.780800 -561.268362
4.803600 -559.096443
4.826400 -556.915167
4.849200 -554.724534
4.872000 -552.524544
4.894800 -550.315197
4.917600 -548.096492
4.940400 -545.868431
4.963200 -543.631012
4.986000 -541.384236
5.008800 -539.128103
5.031600 -536.862613
5.054400 -534.587766
5.077200 -532.303561
5.100000 -530.010000
5.122800 -527.707081
5.145600 -525.394806
5.168400 -523.073173
5.191200 -520.742183
5.214000 -518.401836
5.236800 -516.052132
5.259600 -513.693071
5.282400 -511.324652
5.305200 -508.946877
5.328000 -506.559744
5.350800 -504.163254
5.373600 -501.757407
5.396400 -499.342203
5.419200 -496.917642
5.442000 -494.483724
5.464800 -492.040449
5.487600 -489.587816
5.510400 -487.125827
5.533200 -484.654480
5.556000 -482.173776
5.578800 -479.683715
5.601600 -477.184297
5.624400 -474.675522
5.647200 -472.157389
5.670000 -469.629900
5.692800 -467.093053
5.715600 -464.546850
5.738400 -461.991289
5.761200 -459.426371
5.784000 -456.852096
5.806800 -454.268464
5.829600 -451.675475
5.852400 -449.073128
5.875200 -446.461425
5.898000 -443.840364
5.920800 -441.209946
5.943600 -438.570171
5.966400 -435.921039
5.989200 -433.262550
6.012000 -430.594704
6.034800 -427.917501
6.057600 -425.230940
6.080400 -422.535023
6.103200 -419.829748
6.126000 -417.115116
6.148800 -414.391127
6.171600 -411.657781
6.194400 -408.915078
6.217200 -406.163017
6.240000 -403.401600
6.262800 -400.630825
6.285600 -397.850694
6.308400 -395.061205
6.331200 -392.262359
6.354000 -389.454156
6.376800 -386.636596
6.399600 -383.809679
6.422400 -380.973404
6.445200 -378.127773
6.468000 -375.272784
6.490800 -372.408438
6.513600 -369.534735
6.536400 -366.651675
6.559200 -363.759258
6.582000 -360.857484
6.604800 -357.946353
6.627600 -355.025864
6.650400 -352.096019
6.673200 -349.156816
6.696000 -346.208256
6.718800 -343.250339
6.741600 -340.283065
6.764400 -337.306434
6.787200 -334.320445
6.810000 -331.325100
6.832800 -328.320397
6.855600 -325.306338
6.878400 -322.282921
6.901200 -319.250147
6.924000 -316.208016
6.946800 -313.156528
6.969600 -310.095683
6.992400 -307.025480
7.015200 -303.945921
7.038000 -300.857004
7.060800 -297.758730
7.083600 -294.651099
7.106400 -291.534111
7.129200 -288.407766
7.152000 -285.272064
7.174800 -282.127005
7.197600 -278.972588
7.220400 -275.808815
7.243200 -272.635684
7.266000 -269.453196
7.288800 -266.261351
7.311600 -263.060149
7.334400 -259.849590
7.357200 -256.629673
7.380000 -253.400400
7.402800 -250.161769
7.425600 -246.913782
7.448400 -243.656437
7.471200 -240.389735
7.494000 -237.113676
7.516800 -233.828260
7.539600 -230.533487
7.562400 -227.229356
7.585200 -223.915869
7.608000 -220.593024
7.630800 -217.260822
7.653600 -213.919263
7.676400 -210.568347
7.699200 -207.208074
7.722000 -203.838444
7.744800 -200.459457
7.767600 -197.071112
7.790400 -193.673411
7.813200 -190.266352
7.836000 -186.849936
7.858800 -183.424163
7.881600 -179.989033
7.904400 -176.544546
7.927200 -173.090701
7.950000 -169.627500
7.972800 -166.154941
7.995600 -162.673026
8.018400 -159.181753
8.041200 -155.681123
8.064000 -152.171136
8.086800 -148.651792
8.109600 -145.123091
8.132400 -141.585032
8.155200 -138.037617
8.178000 -134.480844
8.200800 -130.914714
8.223600 -127.339227
8.246400 -123.754383
8.269200 -120.160182
8.292000 -116.556624
8.314800 -112.943709
8.337600 -109.321436
8.360400 -105.689807
8.383200 -102.048820
8.406000 -98.398476
8.428800 -94.738775
8.451600 -91.069717
8.474400 -87.391302
8.497200 -83.703529
8.520000 -80.006400
8.542800 -76.299913
8.565600 -72.584070
8.588400 -68.858869
8.611200 -65.124311
8.634000 -61.380396
8.656800 -57.627124
8.679600 -53.864495
8.702400 -50.092508
8.725200 -46.311165
8.748000 -42.520464
8.770800 -38.720406
8.793600 -34.910991
8.816400 -31.092219
8.839200 -27.264090
8.862000 -23.426604
8.884800 -19.579761
8.907600 -15.723560
8.930400 -11.858003
8.953200 -7.983088
8.976000 -4.098816
8.998800 -0.205187
9.021600 3.697799
9.044400 7.610142
9.067200 11.531843
9.090000 15.462900
9.112800 19.403315
9.135600 23.353086
9.158400 27.312215
9.181200 31.280701
9.204000 35.258544
9.226800 39.245744
9.249600 43.242301
9.272400 47.248216
9.295200 51.263487
9.318000 55.288116
9.340800 59.322102
9.363600 63.365445
9.386400 67.418145
9.409200 71.480202
9.432000 75.551616
9.454800 79.632387
9.477600 83.722516
9.500400 87.822001
9.523200 91.930844
9.546000 96.049044
9.568800 100.176601
9.591600 104.313515
9.614400 108.459786
9.637200 112.615415
9.660000 116.780400
9.682800 120.954743
9.705600 125.138442
9.728400 129.331499
9.751200 133.533913
9.774000 137.745684
9.796800 141.966812
9.819600 146.197297
9.842400 150.437140
9.865200 154.686339
9.888000 158.944896
9.910800 163.212810
9.933600 167.490081
9.956400 171.776709
9.979200 176.072694
10.002000 180.378036
10.024800 184.692735
10.047600 189.016792
10.070400 193.350205
10.093200 197.692976
10.116000 202.045104
10.138800 206.406589
10.161600 210.777431
10.184400 215.157630
10.207200 219.547187
10.230000 223.946100
10.252800 228.354371
10.275600 232.771998
10.298400 237.198983
10.321200 241.635325
10.344000 246.081024
10.366800 250.536080
10.389600 255.000493
10.412400 259.474264
10.435200 263.957391
10.458000 268.449876
10.480800 272.951718
10.503600 277.462917
10.526400 281.983473
10.549200 286.513386
10.572000 291.052656
10.594800 295.601283
10.617600 300.159268
10.640400 304.726609
10.663200 309.303308
10.686000 313.889364
10.708800 318.484777
10.731600 323.089547
10.754400 327.703674
10.777200 332.327159
