-10.000000 -6.666667 20.000000
-9.980000 -6.653333 19.960000
-9.960000 -6.640000 19.920000
-9.940000 -6.626667 19.880000
-9.920000 -6.613333 19.840000
-9.900000 -6.600000 19.800000
-9.880000 -6.586667 19.760000
-9.860000 -6.573333 19.720000
-9.840000 -6.560000 19.680000
-9.820000 -6.546667 19.640000
-9.800000 -6.533333 19.600000
-9.780000 -6.520000 19.560000
-9.760000 -6.506667 19.520000
-9.740000 -6.493333 19.480000
-9.720000 -6.480000 19.440000
-9.700000 -6.466667 19.400000
-9.680000 -6.453333 19.360000
-9.660000 -6.440000 19.320000
-9.640000 -6.426667 19.280000
-9.620000 -6.413333 19.240000
-9.600000 -6.400000 19.200000
-9.580000 -6.386667 19.160000
-9.560000 -6.373333 19.120000
-9.540000 -6.360000 19.080000
-9.520000 -6.346667 19.040000
-9.500000 -6.333333 19.000000
-9.480000 -6.320000 18.960000
-9.460000 -6.306667 18.920000
-9.440000 -6.293333 18.880000
-9.420000 -6.280000 18.840000
-9.400000 -6.266667 18.800000
-9.380000 -6.253333 18.760000
-9.360000 -6.240000 18.720000
-9.340000 -6.226667 18.680000
-9.320000 -6.213333 18.640000
-9.300000 -6.200000 18.600000
-9.280000 -6.186667 18.560000
-9.260000 -6.173333 18.520000
-9.240000 -6.160000 18.480000
-9.220000 -6.146667 18.440000
-9.200000 -6.133333 18.400000
-9.180000 -6.120000 18.360000
-9.160000 -6.106667 18.320000
-9.140000 -6.093333 18.280000
-9.120000 -6.080000 18.240000
-9.100000 -6.066667 18.200000
-9.080000 -6.053333 18.160000
-9.060000 -6.040000 18.120000
-9.040000 -6.026667 18.080000
-9.020000 -6.013333 18.040000
-9.000000 -6.000000 18.000000
-8.980000 -5.986667 17.960000
-8.960000 -5.973333 17.920000
-8.940000 -5.960000 17.880000
-8.920000 -5.946667 17.840000
-8.900000 -5.933333 17.800000
-8.880000 -5.920000 17.760000
-8.860000 -5.906667 17.720000
-8.840000 -5.893333 17.680000
-8.820000 -5.880000 17.640000
-8.800000 -5.866667 17.600000
-8.780000 -5.853333 17.560000
-8.760000 -5.840000 17.520000
-8.740000 -5.826667 17.480000
-8.720000 -5.813333 17.440000
-8.700000 -5.800000 17.400000
-8.680000 -5.786667 17.360000
-8.660000 -5.773333 17.320000
-8.640000 -5.760000 17.280000
-8.620000 -5.746667 17.240000
-8.600000 -5.733333 17.200000
-8.580000 -5.720000 17.160000
-8.560000 -5.706667 17.120000
-8.540000 -5.693333 17.080000
-8.520000 -5.680000 17.040000
-8.500000 -5.666667 17.000000
-8.480000 -5.653333 16.960000
-8.460000 -5.640000 16.920000
-8.440000 -5.626667 16.880000
-8.420000 -5.613333 16.840000
-8.400000 -5.600000 16.800000
-8.380000 -5.586667 16.760000
-8.360000 -5.573333 16.720000
-8.340000 -5.560000 16.680000
-8.320000 -5.546667 16.640000
-8.300000 -5.533333 16.600000
-8.280000 -5.520000 16.560000
-8.260000 -5.506667 16.520000
-8.240000 -5.493333 16.480000
-8.220000 -5.480000 16.440000
-8.200000 -5.466667 16.400000
-8.180000 -5.453333 16.360000
-8.160000 -5.440000 16.320000
-8.140000 -5.426667 16.280000
-8.120000 -5.413333 16.240000
-8.100000 -5.400000 16.200000
-8.080000 -5.386667 16.160000
-8.060000 -5.373333 16.120000
-8.040000 -5.360000 16.080000
-8.020000 -5.346667 16.040000
-8.000000 -5.333333 16.000000
-7.980000 -5.320000 15.960000
-7.960000 -5.306667 15.920000
-7.940000 -5.293333 15.880000
-7.920000 -5.280000 15.840000
-7.900000 -5.266667 15.800000
-7.880000 -5.253333 15.760000
-7.860000 -5.240000 15.720000
-7.840000 -5.226667 15.680000
-7.820000 -5.213333 15.640000
-7.800000 -5.200000 15.600000
-7.780000 -5.186667 15.560000
-7.760000 -5.173333 15.520000
-7.740000 -5.160000 15.480000
-7.720000 -5.146667 15.440000
-7.700000 -5.133333 15.400000
-7.680000 -5.120000 15.360000
-7.660000 -5.106667 15.320000
-7.640000 -5.093333 15.280000
-7.620000 -5.080000 15.240000
-7.600000 -5.066667 15.200000
-7.580000 -5.053333 15.160000
-7.560000 -5.040000 15.120000
-7.540000 -5.026667 15.080000
-7.520000 -5.013333 15.040000
-7.500000 -5.000000 15.000000
-7.480000 -4.986667 14.960000
-7.460000 -4.973333 14.920000
-7.440000 -4.960000 14.880000
-7.420000 -4.946667 14.840000
-7.400000 -4.933333 14.800000
-7.380000 -4.920000 14.760000
-7.360000 -4.906667 14.720000
-7.340000 -4.893333 14.680000
-7.320000 -4.880000 14.640000
-7.300000 -4.866667 14.600000
-7.280000 -4.853333 14.560000
-7.260000 -4.840000 14.520000
-7.240000 -4.826667 14.480000
-7.220000 -4.813333 14.440000
-7.200000 -4.800000 14.400000
-7.180000 -4.786667 14.360000
-7.160000 -4.773333 14.320000
-7.140000 -4.760000 14.280000
-7.120000 -4.746667 14.240000
-7.100000 -4.733333 14.200000
-7.080000 -4.720000 14.160000
-7.060000 -4.706667 14.120000
-7.040000 -4.693333 14.080000
-7.020000 -4.680000 14.040000
-7.000000 -4.666667 14.000000
-6.980000 -4.653333 13.960000
-6.960000 -4.640000 13.920000
-6.940000 -4.626667 13.880000
-6.920000 -4.613333 13.840000
-6.900000 -4.600000 13.800000
-6.880000 -4.586667 13.760000
-6.860000 -4.573333 13.720000
-6.840000 -4.560000 13.680000
-6.820000 -4.546667 13.640000
-6.800000 -4.533333 13.600000
-6.780000 -4.520000 13.560000
-6.760000 -4.506667 13.520000
-6.740000 -4.493333 13.480000
-6.720000 -4.480000 13.440000
-6.700000 -4.466667 13.400000
-6.680000 -4.453333 13.360000
-6.660000 -4.440000 13.320000
-6.640000 -4.426667 13.280000
-6.620000 -4.413333 13.240000
-6.600000 -4.400000 13.200000
-6.580000 -4.386667 13.160000
-6.560000 -4.373333 13.120000
-6.540000 -4.360000 13.080000
-6.520000 -4.346667 13.040000
-6.500000 -4.333333 13.000000
-6.480000 -4.320000 12.960000
-6.460000 -4.306667 12.920000
-6.440000 -4.293333 12.880000
-6.420000 -4.280000 12.840000
-6.400000 -4.266667 12.800000
-6.380000 -4.253333 12.760000
-6.360000 -4.240000 12.720000
-6.340000 -4.226667 12.680000
-6.320000 -4.213333 12.640000
-6.300000 -4.200000 12.600000
-6.280000 -4.186667 12.560000
-6.260000 -4.173333 12.520000
-6.240000 -4.160000 12.480000
-6.220000 -4.146667 12.440000
-6.200000 -4.133333 12.400000
-6.180000 -4.120000 12.360000
-6.160000 -4.106667 12.320000
-6.140000 -4.093333 12.280000
-6.120000 -4.080000 12.240000
-6.100000 -4.066667 12.200000
-6.080000 -4.053333 12.160000
-6.060000 -4.040000 12.120000
-6.040000 -4.026667 12.080000
-6.020000 -4.013333 12.040000
-6.000000 -4.000000 12.000000
-5.980000 -3.986667 11.960000
-5.960000 -3.973333 11.920000
-5.940000 -3.960000 11.880000
-5.920000 -3.946667 11.840000
-5.900000 -3.933333 11.800000
-5.880000 -3.920000 11.760000
-5.860000 -3.906667 11.720000
-5.840000 -3.893333 11.680000
-5.820000 -3.880000 11.640000
-5.800000 -3.866667 11.600000
-5.780000 -3.853333 11.560000
-5.760000 -3.840000 11.520000
-5.740000 -3.826667 11.480000
-5.720000 -3.813333 11.440000
-5.700000 -3.800000 11.400000
-5.680000 -3.786667 11.360000
-5.660000 -3.773333 11.320000
-5.640000 -3.760000 11.280000
-5.620000 -3.746667 11.240000
-5.600000 -3.733333 11.200000
-5.580000 -3.720000 11.160000
-5.560000 -3.706667 11.120000
-5.540000 -3.693333 11.080000
-5.520000 -3.680000 11.040000
-5.500000 -3.666667 11.000000
-5.480000 -3.653333 10.960000
-5.460000 -3.640000 10.920000
-5.440000 -3.626667 10.880000
-5.420000 -3.613333 10.840000
-5.400000 -3.600000 10.800000
-5.380000 -3.586667 10.760000
-5.360000 -3.573333 10.720000
-5.340000 -3.560000 10.680000
-5.320000 -3.546667 10.640000
-5.300000 -3.533333 10.600000
-5.280000 -3.520000 10.560000
-5.260000 -3.506667 10.520000
-5.240000 -3.493333 10.480000
-5.220000 -3.480000 10.440000
-5.200000 -3.466667 10.400000
-5.180000 -3.453333 10.360000
-5.160000 -3.440000 10.320000
-5.140000 -3.426667 10.280000
-5.120000 -3.413333 10.240000
-5.100000 -3.400000 10.200000
-5.080000 -3.386667 10.160000
-5.060000 -3.373333 10.120000
-5.040000 -3.360000 10.080000
-5.020000 -3.346667 10.040000
-5.000000 -3.333333 10.000000
-4.980000 -3.320000 9.960000
-4.960000 -3.306667 9.920000
-4.940000 -3.293333 9.880000
-4.920000 -3.280000 9.840000
-4.900000 -3.266667 9.800000
-4.880000 -3.253333 9.760000
-4.860000 -3.240000 9.720000
-4.840000 -3.226667 9.680000
-4.820000 -3.213333 9.640000
-4.800000 -3.200000 9.600000
-4.780000 -3.186667 9.560000
-4.760000 -3.173333 9.520000
-4.740000 -3.160000 9.480000
-4.720000 -3.146667 9.440000
-4.700000 -3.133333 9.400000
-4.680000 -3.120000 9.360000
-4.660000 -3.106667 9.320000
-4.640000 -3.093333 9.280000
-4.620000 -3.080000 9.240000
-4.600000 -3.066667 9.200000
-4.580000 -3.053333 9.160000
-4.560000 -3.040000 9.120000
-4.540000 -3.026667 9.080000
-4.520000 -3.013333 9.040000
-4.500000 -3.000000 9.000000
-4.480000 -2.986667 8.960000
-4.460000 -2.973333 8.920000
-4.440000 -2.960000 8.880000
-4.420000 -2.946667 8.840000
-4.400000 -2.933333 8.800000
-4.380000 -2.920000 8.760000
-4.360000 -2.906667 8.720000
-4.340000 -2.893333 8.680000
-4.320000 -2.880000 8.640000
-4.300000 -2.866667 8.600000
-4.280000 -2.853333 8.560000
-4.260000 -2.840000 8.520000
-4.240000 -2.826667 8.480000
-4.220000 -2.813333 8.440000
-4.200000 -2.800000 8.400000
-4.180000 -2.786667 8.360000
-4.160000 -2.773333 8.320000
-4.140000 -2.760000 8.280000
-4.120000 -2.746667 8.240000
-4.100000 -2.733333 8.200000
-4.080000 -2.720000 8.160000
-4.060000 -2.706667 8.120000
-4.040000 -2.693333 8.080000
-4.020000 -2.680000 8.040000
-4.000000 -2.666667 8.000000
-3.980000 -2.653333 7.960000
-3.960000 -2.640000 7.920000
-3.940000 -2.626667 7.880000
-3.920000 -2.613333 7.840000
-3.900000 -2.600000 7.800000
-3.880000 -2.586667 7.760000
-3.860000 -2.573333 7.720000
-3.840000 -2.560000 7.680000
-3.820000 -2.546667 7.640000
-3.800000 -2.533333 7.600000
-3.780000 -2.520000 7.560000
-3.760000 -2.506667 7.520000
-3.740000 -2.493333 7.480000
-3.720000 -2.480000 7.440000
-3.700000 -2.466667 7.400000
-3.680000 -2.453333 7.360000
-3.660000 -2.440000 7.320000
-3.640000 -2.426667 7.280000
-3.620000 -2.413333 7.240000
-3.600000 -2.400000 7.200000
-3.580000 -2.386667 7.160000
-3.560000 -2.373333 7.120000
-3.540000 -2.360000 7.080000
-3.520000 -2.346667 7.040000
-3.500000 -2.333333 7.000000
-3.480000 -2.320000 6.960000
-3.460000 -2.306667 6.920000
-3.440000 -2.293333 6.880000
-3.420000 -2.280000 6.840000
-3.400000 -2.266667 6.800000
-3.380000 -2.253333 6.760000
-3.360000 -2.240000 6.720000
-3.340000 -2.226667 6.680000
-3.320000 -2.213333 6.640000
-3.300000 -2.200000 6.600000
-3.280000 -2.186667 6.560000
-3.260000 -2.173333 6.520000
-3.240000 -2.160000 6.480000
-3.220000 -2.146667 6.440000
-3.200000 -2.133333 6.400000
-3.180000 -2.120000 6.360000
-3.160000 -2.106667 6.320000
-3.140000 -2.093333 6.280000
-3.120000 -2.080000 6.240000
-3.100000 -2.066667 6.200000
-3.080000 -2.053333 6.160000
-3.060000 -2.040000 6.120000
-3.040000 -2.026667 6.080000
-3.020000 -2.013333 6.040000
-3.000000 -2.000000 6.000000
-2.980000 -1.986667 5.960000
-2.960000 -1.973333 5.920000
-2.940000 -1.960000 5.880000
-2.920000 -1.946667 5.840000
-2.900000 -1.933333 5.800000
-2.880000 -1.920000 5.760000
-2.860000 -1.906667 5.720000
-2.840000 -1.893333 5.680000
-2.820000 -1.880000 5.640000
-2.800000 -1.866667 5.600000
-2.780000 -1.853333 5.560000
-2.760000 -1.840000 5.520000
-2.740000 -1.826667 5.480000
-2.720000 -1.813333 5.440000
-2.700000 -1.800000 5.400000
-2.680000 -1.786667 5.360000
-2.660000 -1.773333 5.320000
-2.640000 -1.760000 5.280000
-2.620000 -1.746667 5.240000
-2.600000 -1.733333 5.200000
-2.580000 -1.720000 5.160000
-2.560000 -1.706667 5.120000
-2.540000 -1.693333 5.080000
-2.520000 -1.680000 5.040000
-2.500000 -1.666667 5.000000
-2.480000 -1.653333 4.960000
-2.460000 -1.640000 4.920000
-2.440000 -1.626667 4.880000
-2.420000 -1.613333 4.840000
-2.400000 -1.600000 4.800000
-2.380000 -1.586667 4.760000
-2.360000 -1.573333 4.720000
-2.340000 -1.560000 4.680000
-2.320000 -1.546667 4.640000
-2.300000 -1.533333 4.600000
-2.280000 -1.520000 4.560000
-2.260000 -1.506667 4.520000
-2.240000 -1.493333 4.480000
-2.220000 -1.480000 4.440000
-2.200000 -1.466667 4.400000
-2.180000 -1.453333 4.360000
-2.160000 -1.440000 4.320000
-2.140000 -1.426667 4.280000
-2.120000 -1.413333 4.240000
-2.100000 -1.400000 4.200000
-2.080000 -1.386667 4.160000
-2.060000 -1.373333 4.120000
-2.040000 -1.360000 4.080000
-2.020000 -1.346667 4.040000
-2.000000 -1.333333 4.000000
-1.980000 -1.320000 3.960000
-1.960000 -1.306667 3.920000
-1.940000 -1.293333 3.880000
-1.920000 -1.280000 3.840000
-1.900000 -1.266667 3.800000
-1.880000 -1.253333 3.760000
-1.860000 -1.240000 3.720000
-1.840000 -1.226667 3.680000
-1.820000 -1.213333 3.640000
-1.800000 -1.200000 3.600000
-1.780000 -1.186667 3.560000
-1.760000 -1.173333 3.520000
-1.740000 -1.160000 3.480000
-1.720000 -1.146667 3.440000
-1.700000 -1.133333 3.400000
-1.680000 -1.120000 3.360000
-1.660000 -1.106667 3.320000
-1.640000 -1.093333 3.280000
-1.620000 -1.080000 3.240000
-1.600000 -1.066667 3.200000
-1.580000 -1.053333 3.160000
-1.560000 -1.040000 3.120000
-1.540000 -1.026667 3.080000
-1.520000 -1.013333 3.040000
-1.500000 -1.000000 3.000000
-1.480000 -0.986667 2.960000
-1.460000 -0.973333 2.920000
-1.440000 -0.960000 2.880000
-1.420000 -0.946667 2.840000
-1.400000 -0.933333 2.800000
-1.380000 -0.920000 2.760000
-1.360000 -0.906667 2.720000
-1.340000 -0.893333 2.680000
-1.320000 -0.880000 2.640000
-1.300000 -0.866667 2.600000
-1.280000 -0.853333 2.560000
-1.260000 -0.840000 2.520000
-1.240000 -0.826667 2.480000
-1.220000 -0.813333 2.440000
-1.200000 -0.800000 2.400000
-1.180000 -0.786667 2.360000
-1.160000 -0.773333 2.320000
-1.140000 -0.760000 2.280000
-1.120000 -0.746667 2.240000
-1.100000 -0.733333 2.200000
-1.080000 -0.720000 2.160000
-1.060000 -0.706667 2.120000
-1.040000 -0.693333 2.080000
-1.020000 -0.680000 2.040000
-1.000000 -0.666667 2.000000
-0.980000 -0.653333 1.960000
-0.960000 -0.640000 1.920000
-0.940000 -0.626667 1.880000
-0.920000 -0.613333 1.840000
-0.900000 -0.600000 1.800000
-0.880000 -0.586667 1.760000
-0.860000 -0.573333 1.720000
-0.840000 -0.560000 1.680000
-0.820000 -0.546667 1.640000
-0.800000 -0.533333 1.600000
-0.780000 -0.520000 1.560000
-0.760000 -0.506667 1.520000
-0.740000 -0.493333 1.480000
-0.720000 -0.480000 1.440000
-0.700000 -0.466667 1.400000
-0.680000 -0.453333 1.360000
-0.660000 -0.440000 1.320000
-0.640000 -0.426667 1.280000
-0.620000 -0.413333 1.240000
-0.600000 -0.400000 1.200000
-0.580000 -0.386667 1.160000
-0.560000 -0.373333 1.120000
-0.540000 -0.360000 1.080000
-0.520000 -0.346667 1.040000
-0.500000 -0.333333 1.000000
-0.480000 -0.320000 0.960000
-0.460000 -0.306667 0.920000
-0.440000 -0.293333 0.880000
-0.420000 -0.280000 0.840000
-0.400000 -0.266667 0.800000
-0.380000 -0.253333 0.760000
-0.360000 -0.240000 0.720000
-0.340000 -0.226667 0.680000
-0.320000 -0.213333 0.640000
-0.300000 -0.200000 0.600000
-0.280000 -0.186667 0.560000
-0.260000 -0.173333 0.520000
-0.240000 -0.160000 0.480000
-0.220000 -0.146667 0.440000
-0.200000 -0.133333 0.400000
-0.180000 -0.120000 0.360000
-0.160000 -0.106667 0.320000
-0.140000 -0.093333 0.280000
-0.120000 -0.080000 0.240000
-0.100000 -0.066667 0.200000
-0.080000 -0.053333 0.160000
-0.060000 -0.040000 0.120000
-0.040000 -0.026667 0.080000
-0.020000 -0.013333 0.040000
0.000000 0.000000 -0.000000
0.020000 0.013333 -0.040000
0.040000 0.026667 -0.080000
0.060000 0.040000 -0.120000
0.080000 0.053333 -0.160000
0.100000 0.066667 -0.200000
0.120000 0.080000 -0.240000
0.140000 0.093333 -0.280000
0.160000 0.106667 -0.320000
0.180000 0.120000 -0.360000
0.200000 0.133333 -0.400000
0.220000 0.146667 -0.440000
0.240000 0.160000 -0.480000
0.260000 0.173333 -0.520000
0.280000 0.186667 -0.560000
0.300000 0.200000 -0.600000
0.320000 0.213333 -0.640000
0.340000 0.226667 -0.680000
0.360000 0.240000 -0.720000
0.380000 0.253333 -0.760000
0.400000 0.266667 -0.800000
0.420000 0.280000 -0.840000
0.440000 0.293333 -0.880000
0.460000 0.306667 -0.920000
0.480000 0.320000 -0.960000
0.500000 0.333333 -1.000000
0.520000 0.346667 -1.040000
0.540000 0.360000 -1.080000
0.560000 0.373333 -1.120000
0.580000 0.386667 -1.160000
0.600000 0.400000 -1.200000
0.620000 0.413333 -1.240000
0.640000 0.426667 -1.280000
0.660000 0.440000 -1.320000
0.680000 0.453333 -1.360000
0.700000 0.466667 -1.400000
0.720000 0.480000 -1.440000
0.740000 0.493333 -1.480000
0.760000 0.506667 -1.520000
0.780000 0.520000 -1.560000
0.800000 0.533333 -1.600000
0.820000 0.546667 -1.640000
0.840000 0.560000 -1.680000
0.860000 0.573333 -1.720000
0.880000 0.586667 -1.760000
0.900000 0.600000 -1.800000
0.920000 0.613333 -1.840000
0.940000 0.626667 -1.880000
0.960000 0.640000 -1.920000
0.980000 0.653333 -1.960000
1.000000 0.666667 -2.000000
1.020000 0.680000 -2.040000
1.040000 0.693333 -2.080000
1.060000 0.706667 -2.120000
1.080000 0.720000 -2.160000
1.100000 0.733333 -2.200000
1.120000 0.746667 -2.240000
1.140000 0.760000 -2.280000
1.160000 0.773333 -2.320000
1.180000 0.786667 -2.360000
1.200000 0.800000 -2.400000
1.220000 0.813333 -2.440000
1.240000 0.826667 -2.480000
1.260000 0.840000 -2.520000
1.280000 0.853333 -2.560000
1.300000 0.866667 -2.600000
1.320000 0.880000 -2.640000
1.340000 0.893333 -2.680000
1.360000 0.906667 -2.720000
1.380000 0.920000 -2.760000
1.400000 0.933333 -2.800000
1.420000 0.946667 -2.840000
1.440000 0.960000 -2.880000
1.460000 0.973333 -2.920000
1.480000 0.986667 -2.960000
1.500000 1.000000 -3.000000
1.520000 1.013333 -3.040000
1.540000 1.026667 -3.080000
1.560000 1.040000 -3.120000
1.580000 1.053333 -3.160000
1.600000 1.066667 -3.200000
1.620000 1.080000 -3.240000
1.640000 1.093333 -3.280000
1.660000 1.106667 -3.320000
1.680000 1.120000 -3.360000
1.700000 1.133333 -3.400000
1.720000 1.146667 -3.440000
1.740000 1.160000 -3.480000
1.760000 1.173333 -3.520000
1.780000 1.186667 -3.560000
1.800000 1.200000 -3.600000
1.820000 1.213333 -3.640000
1.840000 1.226667 -3.680000
1.860000 1.240000 -3.720000
1.880000 1.253333 -3.760000
1.900000 1.266667 -3.800000
1.920000 1.280000 -3.840000
1.940000 1.293333 -3.880000
1.960000 1.306667 -3.920000
1.980000 1.320000 -3.960000
2.000000 1.333333 -4.000000
2.020000 1.346667 -4.040000
2.040000 1.360000 -4.080000
2.060000 1.373333 -4.120000
2.080000 1.386667 -4.160000
2.100000 1.400000 -4.200000
2.120000 1.413333 -4.240000
2.140000 1.426667 -4.280000
2.160000 1.440000 -4.320000
2.180000 1.453333 -4.360000
2.200000 1.466667 -4.400000
2.220000 1.480000 -4.440000
2.240000 1.493333 -4.480000
2.260000 1.506667 -4.520000
2.280000 1.520000 -4.560000
2.300000 1.533333 -4.600000
2.320000 1.546667 -4.640000
2.340000 1.560000 -4.680000
2.360000 1.573333 -4.720000
2.380000 1.586667 -4.760000
2.400000 1.600000 -4.800000
2.420000 1.613333 -4.840000
2.440000 1.626667 -4.880000
2.460000 1.640000 -4.920000
2.480000 1.653333 -4.960000
2.500000 1.666667 -5.000000
2.520000 1.680000 -5.040000
2.540000 1.693333 -5.080000
2.560000 1.706667 -5.120000
2.580000 1.720000 -5.160000
2.600000 1.733333 -5.200000
2.620000 1.746667 -5.240000
2.640000 1.760000 -5.280000
2.660000 1.773333 -5.320000
2.680000 1.786667 -5.360000
2.700000 1.800000 -5.400000
2.720000 1.813333 -5.440000
2.740000 1.826667 -5.480000
2.760000 1.840000 -5.520000
2.780000 1.853333 -5.560000
2.800000 1.866667 -5.600000
2.820000 1.880000 -5.640000
2.840000 1.893333 -5.680000
2.860000 1.906667 -5.720000
2.880000 1.920000 -5.760000
2.900000 1.933333 -5.800000
2.920000 1.946667 -5.840000
2.940000 1.960000 -5.880000
2.960000 1.973333 -5.920000
2.980000 1.986667 -5.960000
3.000000 2.000000 -6.000000
3.020000 2.013333 -6.040000
3.040000 2.026667 -6.080000
3.060000 2.040000 -6.120000
3.080000 2.053333 -6.160000
3.100000 2.066667 -6.200000
3.120000 2.080000 -6.240000
3.140000 2.093333 -6.280000
3.160000 2.106667 -6.320000
3.180000 2.120000 -6.360000
3.200000 2.133333 -6.400000
3.220000 2.146667 -6.440000
3.240000 2.160000 -6.480000
3.260000 2.173333 -6.520000
3.280000 2.186667 -6.560000
3.300000 2.200000 -6.600000
3.320000 2.213333 -6.640000
3.340000 2.226667 -6.680000
3.360000 2.240000 -6.720000
3.380000 2.253333 -6.760000
3.400000 2.266667 -6.800000
3.420000 2.280000 -6.840000
3.440000 2.293333 -6.880000
3.460000 2.306667 -6.920000
3.480000 2.320000 -6.960000
3.500000 2.333333 -7.000000
3.520000 2.346667 -7.040000
3.540000 2.360000 -7.080000
3.560000 2.373333 -7.120000
3.580000 2.386667 -7.160000
3.600000 2.400000 -7.200000
3.620000 2.413333 -7.240000
3.640000 2.426667 -7.280000
3.660000 2.440000 -7.320000
3.680000 2.453333 -7.360000
3.700000 2.466667 -7.400000
3.720000 2.480000 -7.440000
3.740000 2.493333 -7.480000
3.760000 2.506667 -7.520000
3.780000 2.520000 -7.560000
3.800000 2.533333 -7.600000
3.820000 2.546667 -7.640000
3.840000 2.560000 -7.680000
3.860000 2.573333 -7.720000
3.880000 2.586667 -7.760000
3.900000 2.600000 -7.800000
3.920000 2.613333 -7.840000
3.940000 2.626667 -7.880000
3.960000 2.640000 -7.920000
3.980000 2.653333 -7.960000
4.000000 2.666667 -8.000000
4.020000 2.680000 -8.040000
4.040000 2.693333 -8.080000
4.060000 2.706667 -8.120000
4.080000 2.720000 -8.160000
4.100000 2.733333 -8.200000
4.120000 2.746667 -8.240000
4.140000 2.760000 -8.280000
4.160000 2.773333 -8.320000
4.180000 2.786667 -8.360000
4.200000 2.800000 -8.400000
4.220000 2.813333 -8.440000
4.240000 2.826667 -8.480000
4.260000 2.840000 -8.520000
4.280000 2.853333 -8.560000
4.300000 2.866667 -8.600000
4.320000 2.880000 -8.640000
4.340000 2.893333 -8.680000
4.360000 2.906667 -8.720000
4.380000 2.920000 -8.760000
4.400000 2.933333 -8.800000
4.420000 2.946667 -8.840000
4.440000 2.960000 -8.880000
4.460000 2.973333 -8.920000
4.480000 2.986667 -8.960000
4.500000 3.000000 -9.000000
4.520000 3.013333 -9.040000
4.540000 3.026667 -9.080000
4.560000 3.040000 -9.120000
4.580000 3.053333 -9.160000
4.600000 3.066667 -9.200000
4.620000 3.080000 -9.240000
4.640000 3.093333 -9.280000
4.660000 3.106667 -9.320000
4.680000 3.120000 -9.360000
4.700000 3.133333 -9.400000
4.720000 3.146667 -9.440000
4.740000 3.160000 -9.480000
4.760000 3.173333 -9.520000
4.780000 3.186667 -9.560000
4.800000 3.200000 -9.600000
4.820000 3.213333 -9.640000
4.840000 3.226667 -9.680000
4.860000 3.240000 -9.720000
4.880000 3.253333 -9.760000
4.900000 3.266667 -9.800000
4.920000 3.280000 -9.840000
4.940000 3.293333 -9.880000
4.960000 3.306667 -9.920000
4.980000 3.320000 -9.960000
5.000000 3.333333 -10.000000
5.020000 3.346667 -10.040000
5.040000 3.360000 -10.080000
5.060000 3.373333 -10.120000
5.080000 3.386667 -10.160000
5.100000 3.400000 -10.200000
5.120000 3.413333 -10.240000
5.140000 3.426667 -10.280000
5.160000 3.440000 -10.320000
5.180000 3.453333 -10.360000
5.200000 3.466667 -10.400000
5.220000 3.480000 -10.440000
5.240000 3.493333 -10.480000
5.260000 3.506667 -10.520000
5.280000 3.520000 -10.560000
5.300000 3.533333 -10.600000
5.320000 3.546667 -10.640000
5.340000 3.560000 -10.680000
5.360000 3.573333 -10.720000
5.380000 3.586667 -10.760000
5.400000 3.600000 -10.800000
5.420000 3.613333 -10.840000
5.440000 3.626667 -10.880000
5.460000 3.640000 -10.920000
5.480000 3.653333 -10.960000
5.500000 3.666667 -11.000000
5.520000 3.680000 -11.040000
5.540000 3.693333 -11.080000
5.560000 3.706667 -11.120000
5.580000 3.720000 -11.160000
5.600000 3.733333 -11.200000
5.620000 3.746667 -11.240000
5.640000 3.760000 -11.280000
5.660000 3.773333 -11.320000
5.680000 3.786667 -11.360000
5.700000 3.800000 -11.400000
5.720000 3.813333 -11.440000
5.740000 3.826667 -11.480000
5.760000 3.840000 -11.520000
5.780000 3.853333 -11.560000
5.800000 3.866667 -11.600000
5.820000 3.880000 -11.640000
5.840000 3.893333 -11.680000
5.860000 3.906667 -11.720000
5.880000 3.920000 -11.760000
5.900000 3.933333 -11.800000
5.920000 3.946667 -11.840000
5.940000 3.960000 -11.880000
5.960000 3.973333 -11.920000
5.980000 3.986667 -11.960000
6.000000 4.000000 -12.000000
6.020000 4.013333 -12.040000
6.040000 4.026667 -12.080000
6.060000 4.040000 -12.120000
6.080000 4.053333 -12.160000
6.100000 4.066667 -12.200000
6.120000 4.080000 -12.240000
6.140000 4.093333 -12.280000
6.160000 4.106667 -12.320000
6.180000 4.120000 -12.360000
6.200000 4.133333 -12.400000
6.220000 4.146667 -12.440000
6.240000 4.160000 -12.480000
6.260000 4.173333 -12.520000
6.280000 4.186667 -12.560000
6.300000 4.200000 -12.600000
6.320000 4.213333 -12.640000
6.340000 4.226667 -12.680000
6.360000 4.240000 -12.720000
6.380000 4.253333 -12.760000
6.400000 4.266667 -12.800000
6.420000 4.280000 -12.840000
6.440000 4.293333 -12.880000
6.460000 4.306667 -12.920000
6.480000 4.320000 -12.960000
6.500000 4.333333 -13.000000
6.520000 4.346667 -13.040000
6.540000 4.360000 -13.080000
6.560000 4.373333 -13.120000
6.580000 4.386667 -13.160000
6.600000 4.400000 -13.200000
6.620000 4.413333 -13.240000
6.640000 4.426667 -13.280000
6.660000 4.440000 -13.320000
6.680000 4.453333 -13.360000
6.700000 4.466667 -13.400000
6.720000 4.480000 -13.440000
6.740000 4.493333 -13.480000
6.760000 4.506667 -13.520000
6.780000 4.520000 -13.560000
6.800000 4.533333 -13.600000
6.820000 4.546667 -13.640000
6.840000 4.560000 -13.680000
6.860000 4.573333 -13.720000
6.880000 4.586667 -13.760000
6.900000 4.600000 -13.800000
6.920000 4.613333 -13.840000
6.940000 4.626667 -13.880000
6.960000 4.640000 -13.920000
6.980000 4.653333 -13.960000
7.000000 4.666667 -14.000000
7.020000 4.680000 -14.040000
7.040000 4.693333 -14.080000
7.060000 4.706667 -14.120000
7.080000 4.720000 -14.160000
7.100000 4.733333 -14.200000
7.120000 4.746667 -14.240000
7.140000 4.760000 -14.280000
7.160000 4.773333 -14.320000
7.180000 4.786667 -14.360000
7.200000 4.800000 -14.400000
7.220000 4.813333 -14.440000
7.240000 4.826667 -14.480000
7.260000 4.840000 -14.520000
7.280000 4.853333 -14.560000
7.300000 4.866667 -14.600000
7.320000 4.880000 -14.640000
7.340000 4.893333 -14.680000
7.360000 4.906667 -14.720000
7.380000 4.920000 -14.760000
7.400000 4.933333 -14.800000
7.420000 4.946667 -14.840000
7.440000 4.960000 -14.880000
7.460000 4.973333 -14.920000
7.480000 4.986667 -14.960000
7.500000 5.000000 -15.000000
7.520000 5.013333 -15.040000
7.540000 5.026667 -15.080000
7.560000 5.040000 -15.120000
7.580000 5.053333 -15.160000
7.600000 5.066667 -15.200000
7.620000 5.080000 -15.240000
7.640000 5.093333 -15.280000
7.660000 5.106667 -15.320000
7.680000 5.120000 -15.360000
7.700000 5.133333 -15.400000
7.720000 5.146667 -15.440000
7.740000 5.160000 -15.480000
7.760000 5.173333 -15.520000
7.780000 5.186667 -15.560000
7.800000 5.200000 -15.600000
7.820000 5.213333 -15.640000
7.840000 5.226667 -15.680000
7.860000 5.240000 -15.720000
7.880000 5.253333 -15.760000
7.900000 5.266667 -15.800000
7.920000 5.280000 -15.840000
7.940000 5.293333 -15.880000
7.960000 5.306667 -15.920000
7.980000 5.320000 -15.960000
8.000000 5.333333 -16.000000
8.020000 5.346667 -16.040000
8.040000 5.360000 -16.080000
8.060000 5.373333 -16.120000
8.080000 5.386667 -16.160000
8.100000 5.400000 -16.200000
8.120000 5.413333 -16.240000
8.140000 5.426667 -16.280000
8.160000 5.440000 -16.320000
8.180000 5.453333 -16.360000
8.200000 5.466667 -16.400000
8.220000 5.480000 -16.440000
8.240000 5.493333 -16.480000
8.260000 5.506667 -16.520000
8.280000 5.520000 -16.560000
8.300000 5.533333 -16.600000
8.320000 5.546667 -16.640000
8.340000 5.560000 -16.680000
8.360000 5.573333 -16.720000
8.380000 5.586667 -16.760000
8.400000 5.600000 -16.800000
8.420000 5.613333 -16.840000
8.440000 5.626667 -16.880000
8.460000 5.640000 -16.920000
8.480000 5.653333 -16.960000
8.500000 5.666667 -17.000000
8.520000 5.680000 -17.040000
8.540000 5.693333 -17.080000
8.560000 5.706667 -17.120000
8.580000 5.720000 -17.160000
8.600000 5.733333 -17.200000
8.620000 5.746667 -17.240000
8.640000 5.760000 -17.280000
8.660000 5.773333 -17.320000
8.680000 5.786667 -17.360000
8.700000 5.800000 -17.400000
8.720000 5.813333 -17.440000
8.740000 5.826667 -17.480000
8.760000 5.840000 -17.520000
8.780000 5.853333 -17.560000
8.800000 5.866667 -17.600000
8.820000 5.880000 -17.640000
8.840000 5.893333 -17.680000
8.860000 5.906667 -17.720000
8.880000 5.920000 -17.760000
8.900000 5.933333 -17.800000
8.920000 5.946667 -17.840000
8.940000 5.960000 -17.880000
8.960000 5.973333 -17.920000
8.980000 5.986667 -17.960000
9.000000 6.000000 -18.000000
9.020000 6.013333 -18.040000
9.040000 6.026667 -18.080000
9.060000 6.040000 -18.120000
9.080000 6.053333 -18.160000
9.100000 6.066667 -18.200000
9.120000 6.080000 -18.240000
9.140000 6.093333 -18.280000
9.160000 6.106667 -18.320000
9.180000 6.120000 -18.360000
9.200000 6.133333 -18.400000
9.220000 6.146667 -18.440000
9.240000 6.160000 -18.480000
9.260000 6.173333 -18.520000
9.280000 6.186667 -18.560000
9.300000 6.200000 -18.600000
9.320000 6.213333 -18.640000
9.340000 6.226667 -18.680000
9.360000 6.240000 -18.720000
9.380000 6.253333 -18.760000
9.400000 6.266667 -18.800000
9.420000 6.280000 -18.840000
9.440000 6.293333 -18.880000
9.460000 6.306667 -18.920000
9.480000 6.320000 -18.960000
9.500000 6.333333 -19.000000
9.520000 6.346667 -19.040000
9.540000 6.360000 -19.080000
9.560000 6.373333 -19.120000
9.580000 6.386667 -19.160000
9.600000 6.400000 -19.200000
9.620000 6.413333 -19.240000
9.640000 6.426667 -19.280000
9.660000 6.440000 -19.320000
9.680000 6.453333 -19.360000
9.700000 6.466667 -19.400000
9.720000 6.480000 -19.440000
9.740000 6.493333 -19.480000
9.760000 6.506667 -19.520000
9.780000 6.520000 -19.560000
9.800000 6.533333 -19.600000
9.820000 6.546667 -19.640000
9.840000 6.560000 -19.680000
9.860000 6.573333 -19.720000
9.880000 6.586667 -19.760000
9.900000 6.600000 -19.800000
9.920000 6.613333 -19.840000
9.940000 6.626667 -19.880000
9.960000 6.640000 -19.920000
9.980000 6.653333 -19.960000
10.000000 6.666667 -20.000000
-10.000000 60.000000 15.000000
-9.980000 59.880000 14.970000
-9.960000 59.760000 14.940000
-9.940000 59.640000 14.910000
-9.920000 59.520000 14.880000
-9.900000 59.400000 14.850000
-9.880000 59.280000 14.820000
-9.860000 59.160000 14.790000
-9.840000 59.040000 14.760000
-9.820000 58.920000 14.730000
-9.800000 58.800000 14.700000
-9.780000 58.680000 14.670000
-9.760000 58.560000 14.640000
-9.740000 58.440000 14.610000
-9.720000 58.320000 14.580000
-9.700000 58.200000 14.550000
-9.680000 58.080000 14.520000
-9.660000 57.960000 14.490000
-9.640000 57.840000 14.460000
-9.620000 57.720000 14.430000
-9.600000 57.600000 14.400000
-9.580000 57.480000 14.370000
-9.560000 57.360000 14.340000
-9.540000 57.240000 14.310000
-9.520000 57.120000 14.280000
-9.500000 57.000000 14.250000
-9.480000 56.880000 14.220000
-9.460000 56.760000 14.190000
-9.440000 56.640000 14.160000
-9.420000 56.520000 14.130000
-9.400000 56.400000 14.100000
-9.380000 56.280000 14.070000
-9.360000 56.160000 14.040000
-9.340000 56.040000 14.010000
-9.320000 55.920000 13.980000
-9.300000 55.800000 13.950000
-9.280000 55.680000 13.920000
-9.260000 55.560000 13.890000
-9.240000 55.440000 13.860000
-9.220000 55.320000 13.830000
-9.200000 55.200000 13.800000
-9.180000 55.080000 13.770000
-9.160000 54.960000 13.740000
-9.140000 54.840000 13.710000
-9.120000 54.720000 13.680000
-9.100000 54.600000 13.650000
-9.080000 54.480000 13.620000
-9.060000 54.360000 13.590000
-9.040000 54.240000 13.560000
-9.020000 54.120000 13.530000
-9.000000 54.000000 13.500000
-8.980000 53.880000 13.470000
-8.960000 53.760000 13.440000
-8.940000 53.640000 13.410000
-8.920000 53.520000 13.380000
-8.900000 53.400000 13.350000
-8.880000 53.280000 13.320000
-8.860000 53.160000 13.290000
-8.840000 53.040000 13.260000
-8.820000 52.920000 13.230000
-8.800000 52.800000 13.200000
-8.780000 52.680000 13.170000
-8.760000 52.560000 13.140000
-8.740000 52.440000 13.110000
-8.720000 52.320000 13.080000
-8.700000 52.200000 13.050000
-8.680000 52.080000 13.020000
-8.660000 51.960000 12.990000
-8.640000 51.840000 12.960000
-8.620000 51.720000 12.930000
-8.600000 51.600000 12.900000
-8.580000 51.480000 12.870000
-8.560000 51.360000 12.840000
-8.540000 51.240000 12.810000
-8.520000 51.120000 12.780000
-8.500000 51.000000 12.750000
-8.480000 50.880000 12.720000
-8.460000 50.760000 12.690000
-8.440000 50.640000 12.660000
-8.420000 50.520000 12.630000
-8.400000 50.400000 12.600000
-8.380000 50.280000 12.570000
-8.360000 50.160000 12.540000
-8.340000 50.040000 12.510000
-8.320000 49.920000 12.480000
-8.300000 49.800000 12.450000
-8.280000 49.680000 12.420000
-8.260000 49.560000 12.390000
-8.240000 49.440000 12.360000
-8.220000 49.320000 12.330000
-8.200000 49.200000 12.300000
-8.180000 49.080000 12.270000
-8.160000 48.960000 12.240000
-8.140000 48.840000 12.210000
-8.120000 48.720000 12.180000
-8.100000 48.600000 12.150000
-8.080000 48.480000 12.120000
-8.060000 48.360000 12.090000
-8.040000 48.240000 12.060000
-8.020000 48.120000 12.030000
-8.000000 48.000000 12.000000
-7.980000 47.880000 11.970000
-7.960000 47.760000 11.940000
-7.940000 47.640000 11.910000
-7.920000 47.520000 11.880000
-7.900000 47.400000 11.850000
-7.880000 47.280000 11.820000
-7.860000 47.160000 11.790000
-7.840000 47.040000 11.760000
-7.820000 46.920000 11.730000
-7.800000 46.800000 11.700000
-7.780000 46.680000 11.670000
-7.760000 46.560000 11.640000
-7.740000 46.440000 11.610000
-7.720000 46.320000 11.580000
-7.700000 46.200000 11.550000
-7.680000 46.080000 11.520000
-7.660000 45.960000 11.490000
-7.640000 45.840000 11.460000
-7.620000 45.720000 11.430000
-7.600000 45.600000 11.400000
-7.580000 45.480000 11.370000
-7.560000 45.360000 11.340000
-7.540000 45.240000 11.310000
-7.520000 45.120000 11.280000
-7.500000 45.000000 11.250000
-7.480000 44.880000 11.220000
-7.460000 44.760000 11.190000
-7.440000 44.640000 11.160000
-7.420000 44.520000 11.130000
-7.400000 44.400000 11.100000
-7.380000 44.280000 11.070000
-7.360000 44.160000 11.040000
-7.340000 44.040000 11.010000
-7.320000 43.920000 10.980000
-7.300000 43.800000 10.950000
-7.280000 43.680000 10.920000
-7.260000 43.560000 10.890000
-7.240000 43.440000 10.860000
-7.220000 43.320000 10.830000
-7.200000 43.200000 10.800000
-7.180000 43.080000 10.770000
-7.160000 42.960000 10.740000
-7.140000 42.840000 10.710000
-7.120000 42.720000 10.680000
-7.100000 42.600000 10.650000
-7.080000 42.480000 10.620000
-7.060000 42.360000 10.590000
-7.040000 42.240000 10.560000
-7.020000 42.120000 10.530000
-7.000000 42.000000 10.500000
-6.980000 41.880000 10.470000
-6.960000 41.760000 10.440000
-6.940000 41.640000 10.410000
-6.920000 41.520000 10.380000
-6.900000 41.400000 10.350000
-6.880000 41.280000 10.320000
-6.860000 41.160000 10.290000
-6.840000 41.040000 10.260000
-6.820000 40.920000 10.230000
-6.800000 40.800000 10.200000
-6.780000 40.680000 10.170000
-6.760000 40.560000 10.140000
-6.740000 40.440000 10.110000
-6.720000 40.320000 10.080000
-6.700000 40.200000 10.050000
-6.680000 40.080000 10.020000
-6.660000 39.960000 9.990000
-6.640000 39.840000 9.960000
-6.620000 39.720000 9.930000
-6.600000 39.600000 9.900000
-6.580000 39.480000 9.870000
-6.560000 39.360000 9.840000
-6.540000 39.240000 9.810000
-6.520000 39.120000 9.780000
-6.500000 39.000000 9.750000
-6.480000 38.880000 9.720000
-6.460000 38.760000 9.690000
-6.440000 38.640000 9.660000
-6.420000 38.520000 9.630000
-6.400000 38.400000 9.600000
-6.380000 38.280000 9.570000
-6.360000 38.160000 9.540000
-6.340000 38.040000 9.510000
-6.320000 37.920000 9.480000
-6.300000 37.800000 9.450000
-6.280000 37.680000 9.420000
-6.260000 37.560000 9.390000
-6.240000 37.440000 9.360000
-6.220000 37.320000 9.330000
-6.200000 37.200000 9.300000
-6.180000 37.080000 9.270000
-6.160000 36.960000 9.240000
-6.140000 36.840000 9.210000
-6.120000 36.720000 9.180000
-6.100000 36.600000 9.150000
-6.080000 36.480000 9.120000
-6.060000 36.360000 9.090000
-6.040000 36.240000 9.060000
-6.020000 36.120000 9.030000
-6.000000 36.000000 9.000000
-5.980000 35.880000 8.970000
-5.960000 35.760000 8.940000
-5.940000 35.640000 8.910000
-5.920000 35.520000 8.880000
-5.900000 35.400000 8.850000
-5.880000 35.280000 8.820000
-5.860000 35.160000 8.790000
-5.840000 35.040000 8.760000
-5.820000 34.920000 8.730000
-5.800000 34.800000 8.700000
-5.780000 34.680000 8.670000
-5.760000 34.560000 8.640000
-5.740000 34.440000 8.610000
-5.720000 34.320000 8.580000
-5.700000 34.200000 8.550000
-5.680000 34.080000 8.520000
-5.660000 33.960000 8.490000
-5.640000 33.840000 8.460000
-5.620000 33.720000 8.430000
-5.600000 33.600000 8.400000
-5.580000 33.480000 8.370000
-5.560000 33.360000 8.340000
-5.540000 33.240000 8.310000
-5.520000 33.120000 8.280000
-5.500000 33.000000 8.250000
-5.480000 32.880000 8.220000
-5.460000 32.760000 8.190000
-5.440000 32.640000 8.160000
-5.420000 32.520000 8.130000
-5.400000 32.400000 8.100000
-5.380000 32.280000 8.070000
-5.360000 32.160000 8.040000
-5.340000 32.040000 8.010000
-5.320000 31.920000 7.980000
-5.300000 31.800000 7.950000
-5.280000 31.680000 7.920000
-5.260000 31.560000 7.890000
-5.240000 31.440000 7.860000
-5.220000 31.320000 7.830000
-5.200000 31.200000 7.800000
-5.180000 31.080000 7.770000
-5.160000 30.960000 7.740000
-5.140000 30.840000 7.710000
-5.120000 30.720000 7.680000
-5.100000 30.600000 7.650000
-5.080000 30.480000 7.620000
-5.060000 30.360000 7.590000
-5.040000 30.240000 7.560000
-5.020000 30.120000 7.530000
-5.000000 30.000000 7.500000
-4.980000 29.880000 7.470000
-4.960000 29.760000 7.440000
-4.940000 29.640000 7.410000
-4.920000 29.520000 7.380000
-4.900000 29.400000 7.350000
-4.880000 29.280000 7.320000
-4.860000 29.160000 7.290000
-4.840000 29.040000 7.260000
-4.820000 28.920000 7.230000
-4.800000 28.800000 7.200000
-4.780000 28.680000 7.170000
-4.760000 28.560000 7.140000
-4.740000 28.440000 7.110000
-4.720000 28.320000 7.080000
-4.700000 28.200000 7.050000
-4.680000 28.080000 7.020000
-4.660000 27.960000 6.990000
-4.640000 27.840000 6.960000
-4.620000 27.720000 6.930000
-4.600000 27.600000 6.900000
-4.580000 27.480000 6.870000
-4.560000 27.360000 6.840000
-4.540000 27.240000 6.810000
-4.520000 27.120000 6.780000
-4.500000 27.000000 6.750000
-4.480000 26.880000 6.720000
-4.460000 26.760000 6.690000
-4.440000 26.640000 6.660000
-4.420000 26.520000 6.630000
-4.400000 26.400000 6.600000
-4.380000 26.280000 6.570000
-4.360000 26.160000 6.540000
-4.340000 26.040000 6.510000
-4.320000 25.920000 6.480000
-4.300000 25.800000 6.450000
-4.280000 25.680000 6.420000
-4.260000 25.560000 6.390000
-4.240000 25.440000 6.360000
-4.220000 25.320000 6.330000
-4.200000 25.200000 6.300000
-4.180000 25.080000 6.270000
-4.160000 24.960000 6.240000
-4.140000 24.840000 6.210000
-4.120000 24.720000 6.180000
-4.100000 24.600000 6.150000
-4.080000 24.480000 6.120000
-4.060000 24.360000 6.090000
-4.040000 24.240000 6.060000
-4.020000 24.120000 6.030000
-4.000000 24.000000 6.000000
-3.980000 23.880000 5.970000
-3.960000 23.760000 5.940000
-3.940000 23.640000 5.910000
-3.920000 23.520000 5.880000
-3.900000 23.400000 5.850000
-3.880000 23.280000 5.820000
-3.860000 23.160000 5.790000
-3.840000 23.040000 5.760000
-3.820000 22.920000 5.730000
-3.800000 22.800000 5.700000
-3.780000 22.680000 5.670000
-3.760000 22.560000 5.640000
-3.740000 22.440000 5.610000
-3.720000 22.320000 5.580000
-3.700000 22.200000 5.550000
-3.680000 22.080000 5.520000
-3.660000 21.960000 5.490000
-3.640000 21.840000 5.460000
-3.620000 21.720000 5.430000
-3.600000 21.600000 5.400000
-3.580000 21.480000 5.370000
-3.560000 21.360000 5.340000
-3.540000 21.240000 5.310000
-3.520000 21.120000 5.280000
-3.500000 21.000000 5.250000
-3.480000 20.880000 5.220000
-3.460000 20.760000 5.190000
-3.440000 20.640000 5.160000
-3.420000 20.520000 5.130000
-3.400000 20.400000 5.100000
-3.380000 20.280000 5.070000
-3.360000 20.160000 5.040000
-3.340000 20.040000 5.010000
-3.320000 19.920000 4.980000
-3.300000 19.800000 4.950000
-3.280000 19.680000 4.920000
-3.260000 19.560000 4.890000
-3.240000 19.440000 4.860000
-3.220000 19.320000 4.830000
-3.200000 19.200000 4.800000
-3.180000 19.080000 4.770000
-3.160000 18.960000 4.740000
-3.140000 18.840000 4.710000
-3.120000 18.720000 4.680000
-3.100000 18.600000 4.650000
-3.080000 18.480000 4.620000
-3.060000 18.360000 4.590000
-3.040000 18.240000 4.560000
-3.020000 18.120000 4.530000
-3.000000 18.000000 4.500000
-2.980000 17.880000 4.470000
-2.960000 17.760000 4.440000
-2.940000 17.640000 4.410000
-2.920000 17.520000 4.380000
-2.900000 17.400000 4.350000
-2.880000 17.280000 4.320000
-2.860000 17.160000 4.290000
-2.840000 17.040000 4.260000
-2.820000 16.920000 4.230000
-2.800000 16.800000 4.200000
-2.780000 16.680000 4.170000
-2.760000 16.560000 4.140000
-2.740000 16.440000 4.110000
-2.720000 16.320000 4.080000
-2.700000 16.200000 4.050000
-2.680000 16.080000 4.020000
-2.660000 15.960000 3.990000
-2.640000 15.840000 3.960000
-2.620000 15.720000 3.930000
-2.600000 15.600000 3.900000
-2.580000 15.480000 3.870000
-2.560000 15.360000 3.840000
-2.540000 15.240000 3.810000
-2.520000 15.120000 3.780000
-2.500000 15.000000 3.750000
-2.480000 14.880000 3.720000
-2.460000 14.760000 3.690000
-2.440000 14.640000 3.660000
-2.420000 14.520000 3.630000
-2.400000 14.400000 3.600000
-2.380000 14.280000 3.570000
-2.360000 14.160000 3.540000
-2.340000 14.040000 3.510000
-2.320000 13.920000 3.480000
-2.300000 13.800000 3.450000
-2.280000 13.680000 3.420000
-2.260000 13.560000 3.390000
-2.240000 13.440000 3.360000
-2.220000 13.320000 3.330000
-2.200000 13.200000 3.300000
-2.180000 13.080000 3.270000
-2.160000 12.960000 3.240000
-2.140000 12.840000 3.210000
-2.120000 12.720000 3.180000
-2.100000 12.600000 3.150000
-2.080000 12.480000 3.120000
-2.060000 12.360000 3.090000
-2.040000 12.240000 3.060000
-2.020000 12.120000 3.030000
-2.000000 12.000000 3.000000
-1.980000 11.880000 2.970000
-1.960000 11.760000 2.940000
-1.940000 11.640000 2.910000
-1.920000 11.520000 2.880000
-1.900000 11.400000 2.850000
-1.880000 11.280000 2.820000
-1.860000 11.160000 2.790000
-1.840000 11.040000 2.760000
-1.820000 10.920000 2.730000
-1.800000 10.800000 2.700000
-1.780000 10.680000 2.670000
-1.760000 10.560000 2.640000
-1.740000 10.440000 2.610000
-1.720000 10.320000 2.580000
-1.700000 10.200000 2.550000
-1.680000 10.080000 2.520000
-1.660000 9.960000 2.490000
-1.640000 9.840000 2.460000
-1.620000 9.720000 2.430000
-1.600000 9.600000 2.400000
-1.580000 9.480000 2.370000
-1.560000 9.360000 2.340000
-1.540000 9.240000 2.310000
-1.520000 9.120000 2.280000
-1.500000 9.000000 2.250000
-1.480000 8.880000 2.220000
-1.460000 8.760000 2.190000
-1.440000 8.640000 2.160000
-1.420000 8.520000 2.130000
-1.400000 8.400000 2.100000
-1.380000 8.280000 2.070000
-1.360000 8.160000 2.040000
-1.340000 8.040000 2.010000
-1.320000 7.920000 1.980000
-1.300000 7.800000 1.950000
-1.280000 7.680000 1.920000
-1.260000 7.560000 1.890000
-1.240000 7.440000 1.860000
-1.220000 7.320000 1.830000
-1.200000 7.200000 1.800000
-1.180000 7.080000 1.770000
-1.160000 6.960000 1.740000
-1.140000 6.840000 1.710000
-1.120000 6.720000 1.680000
-1.100000 6.600000 1.650000
-1.080000 6.480000 1.620000
-1.060000 6.360000 1.590000
-1.040000 6.240000 1.560000
-1.020000 6.120000 1.530000
-1.000000 6.000000 1.500000
-0.980000 5.880000 1.470000
-0.960000 5.760000 1.440000
-0.940000 5.640000 1.410000
-0.920000 5.520000 1.380000
-0.900000 5.400000 1.350000
-0.880000 5.280000 1.320000
-0.860000 5.160000 1.290000
-0.840000 5.040000 1.260000
-0.820000 4.920000 1.230000
-0.800000 4.800000 1.200000
-0.780000 4.680000 1.170000
-0.760000 4.560000 1.140000
-0.740000 4.440000 1.110000
-0.720000 4.320000 1.080000
-0.700000 4.200000 1.050000
-0.680000 4.080000 1.020000
-0.660000 3.960000 0.990000
-0.640000 3.840000 0.960000
-0.620000 3.720000 0.930000
-0.600000 3.600000 0.900000
-0.580000 3.480000 0.870000
-0.560000 3.360000 0.840000
-0.540000 3.240000 0.810000
-0.520000 3.120000 0.780000
-0.500000 3.000000 0.750000
-0.480000 2.880000 0.720000
-0.460000 2.760000 0.690000
-0.440000 2.640000 0.660000
-0.420000 2.520000 0.630000
-0.400000 2.400000 0.600000
-0.380000 2.280000 0.570000
-0.360000 2.160000 0.540000
-0.340000 2.040000 0.510000
-0.320000 1.920000 0.480000
-0.300000 1.800000 0.450000
-0.280000 1.680000 0.420000
-0.260000 1.560000 0.390000
-0.240000 1.440000 0.360000
-0.220000 1.320000 0.330000
-0.200000 1.200000 0.300000
-0.180000 1.080000 0.270000
-0.160000 0.960000 0.240000
-0.140000 0.840000 0.210000
-0.120000 0.720000 0.180000
-0.100000 0.600000 0.150000
-0.080000 0.480000 0.120000
-0.060000 0.360000 0.090000
-0.040000 0.240000 0.060000
-0.020000 0.120000 0.030000
0.000000 -0.000000 -0.000000
0.020000 -0.120000 -0.030000
0.040000 -0.240000 -0.060000
0.060000 -0.360000 -0.090000
0.080000 -0.480000 -0.120000
0.100000 -0.600000 -0.150000
0.120000 -0.720000 -0.180000
0.140000 -0.840000 -0.210000
0.160000 -0.960000 -0.240000
0.180000 -1.080000 -0.270000
0.200000 -1.200000 -0.300000
0.220000 -1.320000 -0.330000
0.240000 -1.440000 -0.360000
0.260000 -1.560000 -0.390000
0.280000 -1.680000 -0.420000
0.300000 -1.800000 -0.450000
0.320000 -1.920000 -0.480000
0.340000 -2.040000 -0.510000
0.360000 -2.160000 -0.540000
0.380000 -2.280000 -0.570000
0.400000 -2.400000 -0.600000
0.420000 -2.520000 -0.630000
0.440000 -2.640000 -0.660000
0.460000 -2.760000 -0.690000
0.480000 -2.880000 -0.720000
0.500000 -3.000000 -0.750000
0.520000 -3.120000 -0.780000
0.540000 -3.240000 -0.810000
0.560000 -3.360000 -0.840000
0.580000 -3.480000 -0.870000
0.600000 -3.600000 -0.900000
0.620000 -3.720000 -0.930000
0.640000 -3.840000 -0.960000
0.660000 -3.960000 -0.990000
0.680000 -4.080000 -1.020000
0.700000 -4.200000 -1.050000
0.720000 -4.320000 -1.080000
0.740000 -4.440000 -1.110000
0.760000 -4.560000 -1.140000
0.780000 -4.680000 -1.170000
0.800000 -4.800000 -1.200000
0.820000 -4.920000 -1.230000
0.840000 -5.040000 -1.260000
0.860000 -5.160000 -1.290000
0.880000 -5.280000 -1.320000
0.900000 -5.400000 -1.350000
0.920000 -5.520000 -1.380000
0.940000 -5.640000 -1.410000
0.960000 -5.760000 -1.440000
0.980000 -5.880000 -1.470000
1.000000 -6.000000 -1.500000
1.020000 -6.120000 -1.530000
1.040000 -6.240000 -1.560000
1.060000 -6.360000 -1.590000
1.080000 -6.480000 -1.620000
1.100000 -6.600000 -1.650000
1.120000 -6.720000 -1.680000
1.140000 -6.840000 -1.710000
1.160000 -6.960000 -1.740000
1.180000 -7.080000 -1.770000
1.200000 -7.200000 -1.800000
1.220000 -7.320000 -1.830000
1.240000 -7.440000 -1.860000
1.260000 -7.560000 -1.890000
1.280000 -7.680000 -1.920000
1.300000 -7.800000 -1.950000
1.320000 -7.920000 -1.980000
1.340000 -8.040000 -2.010000
1.360000 -8.160000 -2.040000
1.380000 -8.280000 -2.070000
1.400000 -8.400000 -2.100000
1.420000 -8.520000 -2.130000
1.440000 -8.640000 -2.160000
1.460000 -8.760000 -2.190000
1.480000 -8.880000 -2.220000
1.500000 -9.000000 -2.250000
1.520000 -9.120000 -2.280000
1.540000 -9.240000 -2.310000
1.560000 -9.360000 -2.340000
1.580000 -9.480000 -2.370000
1.600000 -9.600000 -2.400000
1.620000 -9.720000 -2.430000
1.640000 -9.840000 -2.460000
1.660000 -9.960000 -2.490000
1.680000 -10.080000 -2.520000
1.700000 -10.200000 -2.550000
1.720000 -10.320000 -2.580000
1.740000 -10.440000 -2.610000
1.760000 -10.560000 -2.640000
1.780000 -10.680000 -2.670000
1.800000 -10.800000 -2.700000
1.820000 -10.920000 -2.730000
1.840000 -11.040000 -2.760000
1.860000 -11.160000 -2.790000
1.880000 -11.280000 -2.820000
1.900000 -11.400000 -2.850000
1.920000 -11.520000 -2.880000
1.940000 -11.640000 -2.910000
1.960000 -11.760000 -2.940000
1.980000 -11.880000 -2.970000
2.000000 -12.000000 -3.000000
2.020000 -12.120000 -3.030000
2.040000 -12.240000 -3.060000
2.060000 -12.360000 -3.090000
2.080000 -12.480000 -3.120000
2.100000 -12.600000 -3.150000
2.120000 -12.720000 -3.180000
2.140000 -12.840000 -3.210000
2.160000 -12.960000 -3.240000
2.180000 -13.080000 -3.270000
2.200000 -13.200000 -3.300000
2.220000 -13.320000 -3.330000
2.240000 -13.440000 -3.360000
2.260000 -13.560000 -3.390000
2.280000 -13.680000 -3.420000
2.300000 -13.800000 -3.450000
2.320000 -13.920000 -3.480000
2.340000 -14.040000 -3.510000
2.360000 -14.160000 -3.540000
2.380000 -14.280000 -3.570000
2.400000 -14.400000 -3.600000
2.420000 -14.520000 -3.630000
2.440000 -14.640000 -3.660000
2.460000 -14.760000 -3.690000
2.480000 -14.880000 -3.720000
2.500000 -15.000000 -3.750000
2.520000 -15.120000 -3.780000
2.540000 -15.240000 -3.810000
2.560000 -15.360000 -3.840000
2.580000 -15.480000 -3.870000
2.600000 -15.600000 -3.900000
2.620000 -15.720000 -3.930000
2.640000 -15.840000 -3.960000
2.660000 -15.960000 -3.990000
2.680000 -16.080000 -4.020000
2.700000 -16.200000 -4.050000
2.720000 -16.320000 -4.080000
2.740000 -16.440000 -4.110000
2.760000 -16.560000 -4.140000
2.780000 -16.680000 -4.170000
2.800000 -16.800000 -4.200000
2.820000 -16.920000 -4.230000
2.840000 -17.040000 -4.260000
2.860000 -17.160000 -4.290000
2.880000 -17.280000 -4.320000
2.900000 -17.400000 -4.350000
2.920000 -17.520000 -4.380000
2.940000 -17.640000 -4.410000
2.960000 -17.760000 -4.440000
2.980000 -17.880000 -4.470000
3.000000 -18.000000 -4.500000
3.020000 -18.120000 -4.530000
3.040000 -18.240000 -4.560000
3.060000 -18.360000 -4.590000
3.080000 -18.480000 -4.620000
3.100000 -18.600000 -4.650000
3.120000 -18.720000 -4.680000
3.140000 -18.840000 -4.710000
3.160000 -18.960000 -4.740000
3.180000 -19.080000 -4.770000
3.200000 -19.200000 -4.800000
3.220000 -19.320000 -4.830000
3.240000 -19.440000 -4.860000
3.260000 -19.560000 -4.890000
3.280000 -19.680000 -4.920000
3.300000 -19.800000 -4.950000
3.320000 -19.920000 -4.980000
3.340000 -20.040000 -5.010000
3.360000 -20.160000 -5.040000
3.380000 -20.280000 -5.070000
3.400000 -20.400000 -5.100000
3.420000 -20.520000 -5.130000
3.440000 -20.640000 -5.160000
3.460000 -20.760000 -5.190000
3.480000 -20.880000 -5.220000
3.500000 -21.000000 -5.250000
3.520000 -21.120000 -5.280000
3.540000 -21.240000 -5.310000
3.560000 -21.360000 -5.340000
3.580000 -21.480000 -5.370000
3.600000 -21.600000 -5.400000
3.620000 -21.720000 -5.430000
3.640000 -21.840000 -5.460000
3.660000 -21.960000 -5.490000
3.680000 -22.080000 -5.520000
3.700000 -22.200000 -5.550000
3.720000 -22.320000 -5.580000
3.740000 -22.440000 -5.610000
3.760000 -22.560000 -5.640000
3.780000 -22.680000 -5.670000
3.800000 -22.800000 -5.700000
3.820000 -22.920000 -5.730000
3.840000 -23.040000 -5.760000
3.860000 -23.160000 -5.790000
3.880000 -23.280000 -5.820000
3.900000 -23.400000 -5.850000
3.920000 -23.520000 -5.880000
3.940000 -23.640000 -5.910000
3.960000 -23.760000 -5.940000
3.980000 -23.880000 -5.970000
4.000000 -24.000000 -6.000000
4.020000 -24.120000 -6.030000
4.040000 -24.240000 -6.060000
4.060000 -24.360000 -6.090000
4.080000 -24.480000 -6.120000
4.100000 -24.600000 -6.150000
4.120000 -24.720000 -6.180000
4.140000 -24.840000 -6.210000
4.160000 -24.960000 -6.240000
4.180000 -25.080000 -6.270000
4.200000 -25.200000 -6.300000
4.220000 -25.320000 -6.330000
4.240000 -25.440000 -6.360000
4.260000 -25.560000 -6.390000
4.280000 -25.680000 -6.420000
4.300000 -25.800000 -6.450000
4.320000 -25.920000 -6.480000
4.340000 -26.040000 -6.510000
4.360000 -26.160000 -6.540000
4.380000 -26.280000 -6.570000
4.400000 -26.400000 -6.600000
4.420000 -26.520000 -6.630000
4.440000 -26.640000 -6.660000
4.460000 -26.760000 -6.690000
4.480000 -26.880000 -6.720000
4.500000 -27.000000 -6.750000
4.520000 -27.120000 -6.780000
4.540000 -27.240000 -6.810000
4.560000 -27.360000 -6.840000
4.580000 -27.480000 -6.870000
4.600000 -27.600000 -6.900000
4.620000 -27.720000 -6.930000
4.640000 -27.840000 -6.960000
4.660000 -27.960000 -6.990000
4.680000 -28.080000 -7.020000
4.700000 -28.200000 -7.050000
4.720000 -28.320000 -7.080000
4.740000 -28.440000 -7.110000
4.760000 -28.560000 -7.140000
4.780000 -28.680000 -7.170000
4.800000 -28.800000 -7.200000
4.820000 -28.920000 -7.230000
4.840000 -29.040000 -7.260000
4.860000 -29.160000 -7.290000
4.880000 -29.280000 -7.320000
4.900000 -29.400000 -7.350000
4.920000 -29.520000 -7.380000
4.940000 -29.640000 -7.410000
4.960000 -29.760000 -7.440000
4.980000 -29.880000 -7.470000
5.000000 -30.000000 -7.500000
5.020000 -30.120000 -7.530000
5.040000 -30.240000 -7.560000
5.060000 -30.360000 -7.590000
5.080000 -30.480000 -7.620000
5.100000 -30.600000 -7.650000
5.120000 -30.720000 -7.680000
5.140000 -30.840000 -7.710000
5.160000 -30.960000 -7.740000
5.180000 -31.080000 -7.770000
5.200000 -31.200000 -7.800000
5.220000 -31.320000 -7.830000
5.240000 -31.440000 -7.860000
5.260000 -31.560000 -7.890000
5.280000 -31.680000 -7.920000
5.300000 -31.800000 -7.950000
5.320000 -31.920000 -7.980000
5.340000 -32.040000 -8.010000
5.360000 -32.160000 -8.040000
5.380000 -32.280000 -8.070000
5.400000 -32.400000 -8.100000
5.420000 -32.520000 -8.130000
5.440000 -32.640000 -8.160000
5.460000 -32.760000 -8.190000
5.480000 -32.880000 -8.220000
5.500000 -33.000000 -8.250000
5.520000 -33.120000 -8.280000
5.540000 -33.240000 -8.310000
5.560000 -33.360000 -8.340000
5.580000 -33.480000 -8.370000
5.600000 -33.600000 -8.400000
5.620000 -33.720000 -8.430000
5.640000 -33.840000 -8.460000
5.660000 -33.960000 -8.490000
5.680000 -34.080000 -8.520000
5.700000 -34.200000 -8.550000
5.720000 -34.320000 -8.580000
5.740000 -34.440000 -8.610000
5.760000 -34.560000 -8.640000
5.780000 -34.680000 -8.670000
5.800000 -34.800000 -8.700000
5.820000 -34.920000 -8.730000
5.840000 -35.040000 -8.760000
5.860000 -35.160000 -8.790000
5.880000 -35.280000 -8.820000
5.900000 -35.400000 -8.850000
5.920000 -35.520000 -8.880000
5.940000 -35.640000 -8.910000
5.960000 -35.760000 -8.940000
5.980000 -35.880000 -8.970000
6.000000 -36.000000 -9.000000
6.020000 -36.120000 -9.030000
6.040000 -36.240000 -9.060000
6.060000 -36.360000 -9.090000
6.080000 -36.480000 -9.120000
6.100000 -36.600000 -9.150000
6.120000 -36.720000 -9.180000
6.140000 -36.840000 -9.210000
6.160000 -36.960000 -9.240000
6.180000 -37.080000 -9.270000
6.200000 -37.200000 -9.300000
6.220000 -37.320000 -9.330000
6.240000 -37.440000 -9.360000
6.260000 -37.560000 -9.390000
6.280000 -37.680000 -9.420000
6.300000 -37.800000 -9.450000
6.320000 -37.920000 -9.480000
6.340000 -38.040000 -9.510000
6.360000 -38.160000 -9.540000
6.380000 -38.280000 -9.570000
6.400000 -38.400000 -9.600000
6.420000 -38.520000 -9.630000
6.440000 -38.640000 -9.660000
6.460000 -38.760000 -9.690000
6.480000 -38.880000 -9.720000
6.500000 -39.000000 -9.750000
6.520000 -39.120000 -9.780000
6.540000 -39.240000 -9.810000
6.560000 -39.360000 -9.840000
6.580000 -39.480000 -9.870000
6.600000 -39.600000 -9.900000
6.620000 -39.720000 -9.930000
6.640000 -39.840000 -9.960000
6.660000 -39.960000 -9.990000
6.680000 -40.080000 -10.020000
6.700000 -40.200000 -10.050000
6.720000 -40.320000 -10.080000
6.740000 -40.440000 -10.110000
6.760000 -40.560000 -10.140000
6.780000 -40.680000 -10.170000
6.800000 -40.800000 -10.200000
6.820000 -40.920000 -10.230000
6.840000 -41.040000 -10.260000
6.860000 -41.160000 -10.290000
6.880000 -41.280000 -10.320000
6.900000 -41.400000 -10.350000
6.920000 -41.520000 -10.380000
6.940000 -41.640000 -10.410000
6.960000 -41.760000 -10.440000
6.980000 -41.880000 -10.470000
7.000000 -42.000000 -10.500000
7.020000 -42.120000 -10.530000
7.040000 -42.240000 -10.560000
7.060000 -42.360000 -10.590000
7.080000 -42.480000 -10.620000
7.100000 -42.600000 -10.650000
7.120000 -42.720000 -10.680000
7.140000 -42.840000 -10.710000
7.160000 -42.960000 -10.740000
7.180000 -43.080000 -10.770000
7.200000 -43.200000 -10.800000
7.220000 -43.320000 -10.830000
7.240000 -43.440000 -10.860000
7.260000 -43.560000 -10.890000
7.280000 -43.680000 -10.920000
7.300000 -43.800000 -10.950000
7.320000 -43.920000 -10.980000
7.340000 -44.040000 -11.010000
7.360000 -44.160000 -11.040000
7.380000 -44.280000 -11.070000
7.400000 -44.400000 -11.100000
7.420000 -44.520000 -11.130000
7.440000 -44.640000 -11.160000
7.460000 -44.760000 -11.190000
7.480000 -44.880000 -11.220000
7.500000 -45.000000 -11.250000
7.520000 -45.120000 -11.280000
7.540000 -45.240000 -11.310000
7.560000 -45.360000 -11.340000
7.580000 -45.480000 -11.370000
7.600000 -45.600000 -11.400000
7.620000 -45.720000 -11.430000
7.640000 -45.840000 -11.460000
7.660000 -45.960000 -11.490000
7.680000 -46.080000 -11.520000
7.700000 -46.200000 -11.550000
7.720000 -46.320000 -11.580000
7.740000 -46.440000 -11.610000
7.760000 -46.560000 -11.640000
7.780000 -46.680000 -11.670000
7.800000 -46.800000 -11.700000
7.820000 -46.920000 -11.730000
7.840000 -47.040000 -11.760000
7.860000 -47.160000 -11.790000
7.880000 -47.280000 -11.820000
7.900000 -47.400000 -11.850000
7.920000 -47.520000 -11.880000
7.940000 -47.640000 -11.910000
7.960000 -47.760000 -11.940000
7.980000 -47.880000 -11.970000
8.000000 -48.000000 -12.000000
8.020000 -48.120000 -12.030000
8.040000 -48.240000 -12.060000
8.060000 -48.360000 -12.090000
8.080000 -48.480000 -12.120000
8.100000 -48.600000 -12.150000
8.120000 -48.720000 -12.180000
8.140000 -48.840000 -12.210000
8.160000 -48.960000 -12.240000
8.180000 -49.080000 -12.270000
8.200000 -49.200000 -12.300000
8.220000 -49.320000 -12.330000
8.240000 -49.440000 -12.360000
8.260000 -49.560000 -12.390000
8.280000 -49.680000 -12.420000
8.300000 -49.800000 -12.450000
8.320000 -49.920000 -12.480000
8.340000 -50.040000 -12.510000
8.360000 -50.160000 -12.540000
8.380000 -50.280000 -12.570000
8.400000 -50.400000 -12.600000
8.420000 -50.520000 -12.630000
8.440000 -50.640000 -12.660000
8.460000 -50.760000 -12.690000
8.480000 -50.880000 -12.720000
8.500000 -51.000000 -12.750000
8.520000 -51.120000 -12.780000
8.540000 -51.240000 -12.810000
8.560000 -51.360000 -12.840000
8.580000 -51.480000 -12.870000
8.600000 -51.600000 -12.900000
8.620000 -51.720000 -12.930000
8.640000 -51.840000 -12.960000
8.660000 -51.960000 -12.990000
8.680000 -52.080000 -13.020000
8.700000 -52.200000 -13.050000
8.720000 -52.320000 -13.080000
8.740000 -52.440000 -13.110000
8.760000 -52.560000 -13.140000
8.780000 -52.680000 -13.170000
8.800000 -52.800000 -13.200000
8.820000 -52.920000 -13.230000
8.840000 -53.040000 -13.260000
8.860000 -53.160000 -13.290000
8.880000 -53.280000 -13.320000
8.900000 -53.400000 -13.350000
8.920000 -53.520000 -13.380000
8.940000 -53.640000 -13.410000
8.960000 -53.760000 -13.440000
8.980000 -53.880000 -13.470000
9.000000 -54.000000 -13.500000
9.020000 -54.120000 -13.530000
9.040000 -54.240000 -13.560000
9.060000 -54.360000 -13.590000
9.080000 -54.480000 -13.620000
9.100000 -54.600000 -13.650000
9.120000 -54.720000 -13.680000
9.140000 -54.840000 -13.710000
9.160000 -54.960000 -13.740000
9.180000 -55.080000 -13.770000
9.200000 -55.200000 -13.800000
9.220000 -55.320000 -13.830000
9.240000 -55.440000 -13.860000
9.260000 -55.560000 -13.890000
9.280000 -55.680000 -13.920000
9.300000 -55.800000 -13.950000
9.320000 -55.920000 -13.980000
9.340000 -56.040000 -14.010000
9.360000 -56.160000 -14.040000
9.380000 -56.280000 -14.070000
9.400000 -56.400000 -14.100000
9.420000 -56.520000 -14.130000
9.440000 -56.640000 -14.160000
9.460000 -56.760000 -14.190000
9.480000 -56.880000 -14.220000
9.500000 -57.000000 -14.250000
9.520000 -57.120000 -14.280000
9.540000 -57.240000 -14.310000
9.560000 -57.360000 -14.340000
9.580000 -57.480000 -14.370000
9.600000 -57.600000 -14.400000
9.620000 -57.720000 -14.430000
9.640000 -57.840000 -14.460000
9.660000 -57.960000 -14.490000
9.680000 -58.080000 -14.520000
9.700000 -58.200000 -14.550000
9.720000 -58.320000 -14.580000
9.740000 -58.440000 -14.610000
9.760000 -58.560000 -14.640000
9.780000 -58.680000 -14.670000
9.800000 -58.800000 -14.700000
9.820000 -58.920000 -14.730000
9.840000 -59.040000 -14.760000
9.860000 -59.160000 -14.790000
9.880000 -59.280000 -14.820000
9.900000 -59.400000 -14.850000
9.920000 -59.520000 -14.880000
9.940000 -59.640000 -14.910000
9.960000 -59.760000 -14.940000
9.980000 -59.880000 -14.970000
10.000000 -60.000000 -15.000000
